700 700
319 332
448 26
145 229
221 9
436 243
553 441
85 159
290 186
328 591
32 85
150 554
365 276
590 311
532 207
149 58
214 371
9 227
562 636
211 68
501 178
551 218
196 226
48 388
441 666
380 201
90 605
350 385
318 651
389 108
148 34
434 186
353 403
507 321
638 618
573 222
493 510
496 446
269 519
567 431
168 100
566 120
255 402
385 590
6 548
314 673
145 29
351 192
380 48
608 165
663 131
643 226
42 184
231 310
40 419
165 478
450 640
82 39
313 273
337 299
688 118
130 469
408 336
451 653
633 167
79 301
567 423
235 207
375 642
210 226
525 672
441 343
129 478
556 417
265 644
56 527
470 108
530 127
682 431
637 165
501 31
85 63
490 680
614 485
522 22
692 553
6 353
379 549
144 202
267 45
357 375
668 177
311 540
121 518
211 209
590 512
495 561
531 557
485 449
430 638
141 34
526 189
249 609
330 318
27 235
140 348
611 673
45 671
316 430
195 34
561 460
399 303
313 89
154 148
356 420
26 420
304 658
495 351
302 618
483 643
138 675
587 538
183 41
7 426
187 511
111 329
576 136
558 76
664 584
50 439
682 174
68 596
208 83
198 669
217 199
220 358
607 576
65 200
326 542
185 26
14 41
99 697
687 183
267 197
689 589
581 155
12 267
100 559
388 17
229 556
445 155
227 458
168 139
378 401
521 691
206 397
330 415
524 360
109 463
184 276
576 505
581 65
225 481
119 189
445 668
4 394
242 188
211 23
76 427
305 179
669 351
223 369
111 615
497 246
374 576
630 616
355 125
465 626
569 361
137 55
586 614
214 3
465 62
238 127
665 471
280 568
376 529
308 125
89 327
282 52
359 7
442 286
482 363
535 540
383 296
668 475
698 276
442 134
549 209
435 63
69 369
257 41
383 366
211 90
318 310
680 446
697 75
409 210
370 466
325 4
665 233
476 446
154 315
688 219
92 686
649 14
221 525
566 637
222 582
625 53
104 412
96 514
324 671
73 285
212 2
172 101
158 601
495 549
407 154
414 589
575 497
485 182
642 392
67 82
89 525
539 436
646 264
614 92
366 353
608 233
177 636
480 69
247 257
510 141
460 239
87 80
479 354
661 235
124 58
431 633
519 197
467 531
346 75
196 457
381 480
667 114
144 488
79 136
143 677
621 52
128 137
47 31
85 273
455 215
57 35
472 667
140 381
215 276
5 556
587 242
675 272
257 289
338 352
345 679
625 132
632 107
602 174
272 134
380 601
515 405
370 207
493 580
108 153
324 218
530 364
199 343
686 334
220 391
162 80
378 366
270 50
397 45
129 327
49 344
450 127
265 520
270 120
438 445
149 353
158 68
580 320
346 394
96 347
227 579
568 227
48 342
180 474
602 672
223 380
157 427
355 666
645 522
110 156
404 658
52 61
216 399
300 1
77 297
329 524
311 349
81 362
428 625
375 462
446 659
642 90
262 79
187 303
346 512
69 325
571 583
125 459
266 677
413 37
685 352
281 203
360 368
328 273
596 683
693 69
607 422
566 682
682 420
687 500
196 512
500 167
303 589
212 663
408 688
354 338
627 221
587 391
66 216
541 193
117 521
44 21
360 35
90 675
484 658
157 264
366 220
572 361
397 179
84 557
639 57
149 63
257 610
589 372
56 174
641 364
308 409
145 530
423 518
334 303
578 322
286 52
48 544
575 330
626 672
490 304
256 18
229 532
537 89
161 219
236 163
352 165
507 666
328 644
498 232
558 36
271 178
150 489
459 550
118 320
532 484
400 14
544 40
632 203
313 594
333 399
371 164
69 484
48 693
291 187
246 181
213 359
670 127
480 336
397 646
315 217
306 330
28 585
134 368
402 187
65 572
459 221
535 658
99 257
291 53
584 199
335 165
517 405
487 355
541 336
76 228
616 488
181 650
124 625
570 428
231 407
688 482
265 343
23 250
597 203
368 367
79 690
403 620
43 424
510 622
212 511
676 459
579 153
340 422
422 686
250 184
460 451
541 538
512 309
87 318
470 658
359 635
679 286
246 161
304 435
347 546
293 224
460 486
585 577
143 630
200 218
338 556
623 415
657 277
45 53
646 609
126 129
458 47
402 428
209 325
454 352
324 56
350 544
146 302
420 56
432 510
605 315
100 579
455 255
213 531
68 620
666 411
469 445
200 554
468 251
462 26
698 45
452 525
113 142
489 18
157 78
502 495
619 35
531 253
684 32
58 618
296 661
115 177
504 696
279 572
142 693
29 170
497 621
600 601
405 629
274 625
236 339
607 464
324 555
446 186
398 334
267 140
376 30
89 499
684 562
171 333
530 266
431 603
102 151
491 671
294 230
324 288
64 404
640 423
418 577
118 346
364 511
473 205
288 693
172 265
242 29
537 415
397 404
607 524
311 295
97 122
280 173
103 687
140 434
143 222
200 531
419 96
306 171
321 526
606 305
674 62
109 157
3 644
455 328
199 7
263 523
246 24
700 680
427 606
496 657
444 75
422 642
250 51
162 596
312 127
313 465
668 646
214 375
664 463
678 449
493 431
563 357
390 74
572 662
477 386
182 469
409 103
265 592
100 279
536 111
154 640
34 85
401 475
28 487
251 373
633 396
67 393
121 626
28 129
183 233
552 303
92 121
66 154
603 284
113 144
237 57
632 663
538 595
177 381
251 667
133 132
570 390
160 555
351 108
165 43
310 222
133 212
126 482
670 261
184 471
192 321
696 520
192 473
310 409
551 579
63 257
327 384
472 632
28 29
378 24
80 441
140 354
665 467
422 136
289 651
387 121
333 637
316 698
234 366
566 662
399 80
680 193
78 231
466 309
629 188
457 83
412 425
78 533
428 496
518 286
173 319
612 391
161 564
3 380
227 515
596 3
528 248
646 69
636 663
697 527
585 363
454 212
273 390
55 175
269 83
554 134
308 424
242 303
478 125
48 233
493 234
374 83
560 144
263 544
629 301
598 432
258 339
6 337
9 530
59 197
675 545
505 51
674 73
403 117
182 589
247 242
698 133
128 340
184 693
145 569
541 375
167 53
205 154
552 107
486 349
468 398
479 559
486 272
225 625
260 374
95 408
4 285
378 109
173 496
415 143
672 256
268 240
274 644
372 265
49 42
478 57
86 536
248 597
534 699
33 112
669 324
533 323
644 513
