400 400
260 342
222 176
206 309
133 148
367 107
225 207
83 160
224 169
165 148
179 305
384 283
357 212
94 342
237 39
394 174
266 287
293 66
31 64
306 298
172 186
268 347
209 127
42 344
100 333
323 184
304 133
373 201
230 147
111 6
146 390
220 233
201 285
264 256
234 246
101 316
396 237
343 221
221 310
161 303
37 22
130 263
202 124
307 262
39 139
281 49
46 69
363 252
112 4
312 20
183 31
148 89
243 184
171 298
179 47
140 35
297 252
195 79
66 323
371 47
4 356
324 197
358 281
17 169
101 180
64 253
171 207
100 155
123 192
383 298
375 361
12 151
269 324
384 284
354 1
244 308
232 351
147 55
228 94
368 357
241 362
194 390
113 62
167 35
57 357
90 373
368 190
44 268
387 301
225 286
46 177
212 311
108 132
378 313
6 304
222 207
316 120
231 144
399 70
60 233
297 3
109 79
328 70
191 391
163 272
191 219
76 21
39 109
205 391
34 109
52 70
51 382
368 224
135 210
350 193
235 228
313 214
122 352
30 308
227 194
7 176
88 375
7 351
165 304
205 298
168 204
148 82
373 160
232 228
326 4
303 355
333 240
166 71
358 275
351 95
328 239
102 299
45 130
310 241
378 48
78 144
356 35
156 256
27 167
252 358
197 247
326 148
17 36
155 99
291 205
327 144
153 44
365 175
208 215
398 102
204 276
135 226
120 214
296 81
72 356
241 67
123 101
258 361
365 138
389 239
324 8
347 47
199 133
134 290
352 205
112 303
272 374
114 192
48 386
139 325
75 235
172 80
57 40
151 67
97 259
190 277
399 384
83 69
237 25
65 20
222 224
76 129
143 123
113 66
355 276
296 361
142 155
84 310
113 221
175 251
92 213
244 361
135 116
109 261
2 87
114 196
332 239
143 113
119 206
202 306
141 326
317 127
348 155
282 85
300 277
319 78
311 367
328 80
265 364
19 271
336 155
359 143
255 399
269 364
271 385
208 221
139 290
390 114
104 138
269 1
252 152
173 365
149 325
211 221
34 391
380 362
289 262
300 205
14 197
174 2
338 96
2 90
150 393
58 185
162 42
236 84
291 133
124 164
193 31
195 350
334 378
126 295
322 241
369 34
16 83
22 250
196 107
139 10
176 337
19 384
286 387
120 365
135 87
399 225
29 245
279 250
282 21
12 395
329 155
364 256
367 269
99 386
85 76
133 254
399 36
289 369
221 282
348 344
163 263
175 353
326 149
35 29
72 25
203 85
215 269
88 116
242 145
81 260
159 351
128 256
284 309
194 324
383 23
30 286
205 310
155 1
397 181
143 211
286 70
328 306
102 397
18 293
326 354
341 53
240 363
377 351
44 57
307 46
188 386
350 194
159 121
205 385
321 105
107 45
321 43
231 364
259 230
363 84
400 29
41 199
228 92
284 56
204 194
81 140
330 96
44 281
189 212
121 171
280 279
210 17
68 347
351 366
301 288
261 343
57 136
356 5
17 66
298 309
300 126
276 255
339 110
31 286
178 199
17 175
133 342
238 13
258 378
159 27
286 79
212 249
386 94
345 12
108 227
120 200
268 363
116 385
285 244
251 18
30 389
228 281
108 281
67 133
323 346
171 354
180 29
83 41
379 38
224 79
256 48
100 40
34 373
4 275
117 30
91 337
366 97
334 385
37 17
105 355
379 185
312 321
232 46
271 8
271 97
393 149
347 248
211 174
371 20
45 276
380 12
120 145
62 283
158 271
270 76
242 93
18 63
270 370
193 205
341 92
234 44
375 344
76 153
107 53
93 178
384 211
38 90
290 337
