300 300
68 294
142 207
63 42
75 23
273 275
109 156
184 105
8 279
92 125
168 218
80 74
227 71
280 185
110 1
19 280
258 262
93 233
124 266
64 253
155 149
94 101
246 259
13 258
226 22
175 156
232 83
261 130
57 104
8 299
232 113
211 136
177 62
192 102
281 59
202 255
89 137
204 235
286 266
168 199
59 264
54 269
278 57
241 233
239 219
76 151
146 264
225 134
239 168
232 125
88 190
185 128
35 123
5 210
42 45
240 111
210 79
276 63
47 131
117 143
261 179
195 77
23 237
300 243
60 8
27 101
84 193
183 143
171 295
198 227
290 242
273 277
119 249
41 232
114 25
8 53
32 172
27 61
76 129
26 136
288 62
168 246
137 252
257 220
214 6
235 47
166 121
68 285
147 136
80 81
3 251
261 282
177 93
86 271
8 101
48 187
204 64
289 145
6 282
111 79
104 46
144 262
152 116
107 23
69 249
92 250
28 106
2 95
147 164
53 56
29 100
147 105
214 49
159 40
181 159
160 28
30 262
21 66
46 32
17 57
157 16
207 103
143 265
293 80
153 55
102 72
268 13
69 24
135 247
237 133
241 257
238 170
292 133
79 48
106 56
211 286
12 33
157 80
15 212
25 149
94 217
22 127
145 142
145 263
145 281
135 286
272 17
175 170
183 2
88 63
53 6
55 150
94 30
145 291
38 195
82 288
126 158
232 178
52 215
198 131
258 221
46 76
270 260
200 279
176 196
287 36
233 124
107 215
118 222
263 74
27 266
169 184
248 244
261 217
222 289
12 204
165 175
75 242
21 100
32 143
99 66
116 278
13 53
266 216
147 121
293 5
5 91
45 134
222 18
175 20
74 44
297 1
168 94
255 156
56 171
17 297
95 74
100 260
26 260
176 153
54 45
78 67
186 4
138 51
235 157
49 127
256 34
124 30
180 105
141 47
9 202
84 235
151 298
293 100
92 266
46 131
213 164
48 134
100 45
255 289
274 141
126 289
84 264
114 281
47 118
264 111
198 259
251 153
96 165
168 27
212 64
207 270
211 93
84 78
116 155
231 141
208 107
234 101
246 19
90 194
61 247
268 222
212 226
123 196
288 67
232 240
153 228
233 294
115 172
129 290
245 93
94 12
80 73
225 18
159 227
108 215
54 164
130 120
221 78
13 194
214 164
242 51
3 190
181 230
55 270
251 179
62 25
52 74
76 50
220 52
174 95
58 290
38 104
74 213
86 78
145 264
117 201
144 73
41 251
40 121
220 276
276 46
144 253
291 34
181 143
289 225
263 97
155 33
260 98
219 105
222 131
243 169
60 99
39 11
131 59
155 48
167 44
1 192
5 297
195 52
199 254
