9000 9000
2934 2689
1729 6527
7887 3013
8916 7042
3506 2008
4120 8152
393 5201
2857 7996
3447 4838
4656 5679
7666 761
4141 642
3582 1405
5606 2614
5417 8196
637 6534
4425 230
1114 4505
1983 1031
707 7950
6395 4469
1348 5060
3561 7617
4643 7424
3136 8466
4668 8314
2292 6866
6347 192
4066 5138
1871 3157
1011 1830
1287 7376
746 8758
6795 865
2479 1592
1076 2630
5502 1482
2956 1437
4057 1839
222 8325
8573 4985
5100 5687
5471 8321
7051 442
4434 1341
3759 4677
863 5012
3722 1160
5178 3092
829 8970
431 6070
7481 6645
1617 7228
2365 4973
7681 1270
5649 697
1596 2038
245 2724
3418 1149
1405 3313
1279 4785
6648 5061
2449 7643
7115 1254
3652 2456
2837 765
7738 3552
6687 7750
3167 7246
1733 6745
6498 3937
3195 1934
5259 5435
3740 5441
7357 4474
4769 8164
3860 6642
3104 8021
4963 6315
1061 8304
2249 2393
524 239
8570 8498
4735 1838
3854 7235
852 6959
4064 8928
8411 1477
59 4947
1648 4234
4206 3600
7102 4911
539 3470
2611 6877
2553 2906
299 5608
5295 8762
7926 3321
4561 33
7380 5342
214 5026
5902 4949
2726 1782
1062 4329
5266 3819
3924 7475
7585 8764
5843 7187
2777 2935
8598 3446
2509 2682
2603 3174
8844 5508
3811 3187
6491 1108
5668 4243
3247 6570
1455 522
8618 505
2990 2791
7193 5229
7900 7878
2096 8867
7531 7680
4511 2985
855 8342
2737 6359
1615 6553
7895 5129
3729 2276
3463 2521
6269 6934
6377 4940
4529 5984
5617 4276
1084 2166
4480 1312
3445 388
916 4723
6998 1267
6967 3982
5883 41
3831 7546
7408 1050
1154 8773
3090 1186
8248 4086
2478 808
7565 3711
1355 241
154 187
1926 3099
5081 8895
8688 4036
5974 3210
2116 7559
494 3769
6332 7368
7022 5029
2550 3183
1782 7280
5713 2637
1477 2102
50 4170
4451 5372
124 771
3629 8844
7324 5173
8331 8209
350 871
1671 4047
6969 2458
2734 474
7496 7722
5217 5431
1234 6926
1494 1150
378 2866
5757 6322
4264 6477
6123 6242
8316 3946
8950 1495
1070 5948
2196 1140
5418 7901
5322 8460
6201 1303
8592 5304
7177 6659
373 8134
4771 8827
2870 7765
212 1682
1013 5491
8061 5613
846 8452
7177 2940
7690 4390
1082 931
3254 2116
6526 1444
1398 4959
5673 8727
2434 2401
939 1240
1816 4909
5635 1620
2441 8876
8144 1585
1471 1829
7561 1520
921 2630
7137 7352
2344 1861
5317 8439
1650 453
2278 4092
7116 2302
3251 2526
3273 8026
1672 6557
8584 4614
2805 6233
3796 4320
3868 3069
2186 2454
5314 4512
7285 488
5519 6421
4002 4735
2932 4436
5080 3175
2413 7113
1740 4146
2872 8817
2377 4267
5507 7732
163 2239
4132 3067
2124 6071
5398 1436
5021 3311
6027 1341
898 6279
3285 8728
6309 6721
3360 377
4696 3515
543 4186
7987 4847
7695 6666
7524 6932
2839 5107
2686 6112
642 4008
8888 7352
4388 6222
7972 5025
3057 3108
2554 6581
6072 7087
5119 1004
3763 2868
4657 4299
6189 1236
8859 8392
4424 4089
3467 3411
6067 3897
8285 392
6244 883
1577 1767
5461 6960
2222 4075
4232 7799
5222 3887
915 4651
8877 1197
8420 4696
3037 2850
3658 2089
3158 233
3835 5848
6657 7420
6985 2480
4077 3702
4169 2806
3865 2933
8226 4727
3053 6832
3987 4522
4578 161
1522 2059
2191 1766
4974 4259
6527 2238
1223 2564
3599 4807
3674 4116
5484 8121
4509 8966
1663 750
7332 7178
6979 1320
1550 2161
787 6285
5384 3961
5491 7824
7490 3582
261 4394
7776 3877
3353 4699
3786 7853
4153 4744
8995 4799
2045 6879
8755 6199
5007 6351
4496 8811
5137 4015
1496 6451
3383 2758
1777 5642
4703 500
1330 2542
4917 4135
352 5042
5568 6196
6311 6009
8973 5920
7637 2015
6961 5379
6843 5958
741 5536
5254 3968
4870 6602
7943 1899
1515 8322
618 1287
2863 4163
2484 2721
199 1377
4486 3186
2361 2174
3766 230
4305 61
7318 1249
3445 877
5969 3705
5083 7243
2715 1721
5133 5249
1938 8753
6511 850
1653 3237
8606 5588
5772 7117
6637 7404
3595 5043
6787 7360
425 2732
963 2698
5116 4341
488 6056
3812 297
4824 3660
2941 3269
5491 5279
1448 3445
2299 110
548 7509
2054 1804
3995 169
2254 1248
5711 6071
2759 929
4493 5740
4341 6700
819 4310
1373 7616
1250 5019
5293 562
7476 6947
1255 8102
4130 625
2613 2347
511 4478
3816 5073
983 7202
1190 1505
5795 2538
1579 7133
8897 7853
864 6119
4229 3534
3212 3720
4704 7201
2585 5749
1761 5136
1954 47
232 312
6129 3998
5618 5633
3166 2080
4573 2143
2295 5546
4400 2058
6729 7606
3400 4799
4548 4360
689 1746
1034 3941
1232 1808
8575 2790
424 4923
7167 1337
2338 6122
530 821
4603 3429
5094 1623
3221 6441
2793 7801
2785 54
216 8281
1802 3033
4500 7480
6132 2042
1232 7636
373 4724
4251 4522
284 4633
8907 6651
5260 4044
7108 4390
633 3598
4508 4567
1482 2932
3924 3922
2875 5446
3768 4794
6911 2601
7325 8568
1877 2734
8495 2024
8049 2997
5819 3300
928 3010
5120 4238
8243 3764
4987 1661
4813 2086
5425 3697
5182 4195
1281 7680
6387 3754
6115 5459
1372 1349
7495 6973
1152 6515
157 8176
5812 460
3069 3874
2332 7441
5098 1655
3434 821
4942 1073
2845 3743
5568 1536
8634 6418
3583 3664
5076 2498
4491 2314
4597 8812
4683 19
1613 8903
2638 3072
1908 2977
2929 4603
5595 1906
3277 8137
3454 350
5759 2355
3043 7542
1886 1412
986 1099
1469 5376
3338 5672
620 5155
1728 2615
6578 814
4484 2508
2226 613
3888 5403
345 7637
7521 770
3622 3130
1259 3191
7176 88
5853 1966
6682 5348
5791 1116
1045 5259
8326 6218
7290 1289
666 7373
2166 7491
7938 7385
8695 2809
444 8002
2776 2474
62 3973
1122 4816
8762 1602
471 484
2613 2911
8381 8495
7241 4267
6904 8714
1736 1841
933 8926
7832 3137
110 5285
1468 1109
8196 3453
6799 3106
5523 1688
2125 936
3461 3613
8370 8650
2556 3836
6267 3076
2587 4207
4869 1448
3029 2595
564 585
8803 3655
3128 8751
1182 5284
5473 367
8908 2877
6021 8996
960 227
1438 3594
148 2326
8159 2459
1729 1096
6397 1054
76 740
846 8215
5358 1904
1354 4899
504 4233
6332 3575
6693 2623
444 3768
8332 5087
2428 2048
1262 7115
2580 2175
355 4241
3716 879
7310 6109
4364 992
3108 6961
4286 5409
3645 1190
8734 1228
612 5790
5390 7895
6370 5495
113 2894
2142 1216
3000 4308
1835 1060
452 3579
5620 1107
6742 7075
139 7830
221 5786
6140 3071
4063 1277
6774 4275
2448 3823
8554 1095
8119 709
784 5491
8626 4142
2146 328
305 2030
7669 5599
4683 326
5491 319
8658 945
2816 54
56 1302
2732 7360
6592 3509
2199 3093
5083 3883
2130 4721
8998 5328
7538 7734
4527 2127
4863 778
2413 5743
670 7603
1273 1049
2810 4857
1727 5829
1168 505
5777 5434
5215 1280
7638 1569
8998 1746
3062 6508
2837 65
2022 4692
2078 2476
1356 2245
5767 2921
812 8329
1741 2258
4424 3154
6108 1746
7186 3556
8922 6444
1720 1453
6630 2259
6407 5696
2425 907
6284 416
2674 8925
3341 2229
7744 8282
5028 8192
2243 8137
8902 2552
907 5791
85 7823
6115 1810
6716 1652
1171 8511
3445 4850
2816 3075
2057 6251
3155 1832
786 5158
2111 2489
3453 1337
436 4236
2959 6579
4228 4822
2566 3150
2314 6353
4595 856
5684 6734
1284 4739
5891 7600
1640 6651
8745 4991
8013 256
6280 3938
4105 2089
702 4052
4565 8457
3477 3985
349 5228
3099 1190
8796 6470
6149 8671
5648 1993
190 6725
2032 4388
179 7051
6087 5623
3510 7311
3652 6630
4348 5750
3392 3273
6932 5436
604 8302
4640 3838
3138 1410
2365 6036
3001 6642
1159 6926
4401 7247
5108 4722
6151 5910
4242 822
2069 1492
484 3474
8291 4442
3667 6020
8966 4733
1753 7709
8766 816
2339 6049
4829 6641
7328 3186
5082 2698
6554 5029
5791 6391
5099 4027
1209 7543
8263 2649
4403 2578
6196 4468
3034 1486
7381 2952
1188 506
5681 2289
6375 4595
730 7747
1464 8441
5317 5555
8551 1133
7063 3729
59 2201
5419 4813
1479 4348
7768 1350
7002 4648
4667 355
2043 4692
2275 72
2973 2271
7258 7824
4883 8402
8012 8883
6257 4593
6697 7346
6709 194
3840 2756
1855 1027
7411 2884
5759 3362
232 3525
7433 1000
6828 5498
1480 5228
1200 4841
5954 4530
3538 7930
7011 1494
7228 5011
7243 7367
5299 2222
1377 7803
5560 1522
1330 1678
4025 5763
7634 4673
1230 961
726 3375
2530 3396
2745 4901
8742 2526
405 3338
5665 4132
8151 2631
2893 2135
464 3274
7105 6499
7282 5166
6452 5397
5461 5150
5408 5464
6540 5247
6112 950
3375 3733
3599 7045
892 3331
3470 5798
3231 509
1339 8879
1495 1089
4951 2394
392 5071
653 5006
1938 5753
3177 3171
2209 3814
5933 4485
2368 3290
4184 3189
8100 2287
5196 7987
3118 104
2353 1487
4508 1134
332 3136
724 4107
3400 7870
6727 2211
5485 7642
1511 2316
7060 5352
7902 6272
7053 8459
5377 561
849 7369
621 7250
1373 1660
2760 5341
2074 3377
8816 6687
7427 6239
8568 8669
8110 783
7830 3527
1693 3964
4824 105
7147 4576
1693 695
1176 1670
2336 235
2652 34
560 3201
4796 3821
2062 6454
4266 4099
7726 2189
603 943
3510 640
1445 8931
2329 2936
7815 1405
4541 8782
7280 8229
6518 625
6633 8584
4311 2584
2623 970
8112 4827
5495 77
3049 7896
70 7915
5036 5044
3887 8283
8810 521
8249 7992
4868 8199
6731 3720
384 2257
8390 780
7016 4159
6970 3287
704 1791
4213 3126
2985 4216
913 5334
1019 4153
7714 4078
713 243
4588 2925
2633 1218
2644 8647
2001 5758
2863 1080
7359 5348
2513 5035
2116 6419
8671 393
4568 8847
2544 4489
1912 4204
6179 6012
2938 6136
5687 1422
4830 1997
3250 4827
8150 444
7089 1057
3372 2552
7047 6097
8871 5628
1805 3985
7953 8764
2072 5062
4946 4868
2185 5636
1193 1395
2240 8430
6024 444
1246 5662
7678 5470
5769 4434
2343 3592
8829 2162
8262 2157
5246 8282
7921 1557
297 4735
581 4498
7220 2938
3114 4315
7064 3641
6040 8898
2194 5439
8891 6164
3994 3523
1681 2209
1601 795
3882 1460
1554 5343
6815 1772
5628 2695
6888 4499
5559 1117
2931 3703
4469 5567
6078 7469
3646 4906
5458 8760
1897 5069
141 5348
5441 1182
1499 6982
1805 6261
4565 2890
3308 1899
6780 8063
5667 1794
105 7313
3401 3251
3906 2707
4758 4478
8730 3299
4482 4468
2423 3606
2480 8653
7174 7217
3105 5030
1324 3488
8549 5980
3516 1248
2590 5884
951 3266
6609 2449
7670 2111
5323 7131
975 3445
4439 1236
8448 1494
8136 7814
8033 4208
6777 5555
8472 1471
4862 849
612 3390
8113 5128
6768 2374
1218 3462
4542 3073
3874 6154
3561 3233
5598 7331
1327 1216
4004 2767
3441 2114
8047 5961
2113 4355
1198 6720
4880 1755
6484 1814
3499 813
2618 6425
2312 805
5550 1755
4492 1419
3312 964
4971 4054
2361 3588
7650 762
3264 1227
992 3282
2696 7277
3600 8694
1216 2242
5321 2785
6002 4881
3711 4967
3366 8204
5291 1260
1257 249
1012 2275
982 6374
4726 8742
4175 462
6543 2872
7479 7005
3658 4807
659 4373
1503 4173
1946 2225
531 111
7522 4420
4409 7469
6266 48
5389 5920
8665 1380
2202 4740
8248 1328
558 2842
1130 152
6919 1568
1646 7546
4633 1683
7356 912
4710 907
8554 4571
8094 4331
4047 484
7048 4528
4348 7788
2156 4934
5195 1207
3868 2357
2924 4229
2744 5842
7997 5789
144 5309
3098 8123
8868 2196
3189 1098
1314 1790
6143 418
5313 1066
3294 4063
325 2130
6905 7639
2217 3364
3977 5664
3946 5805
6006 6007
6886 3361
476 2321
3026 7712
5386 1899
1108 6722
4235 5343
1300 1236
2962 8836
8580 444
2441 7544
403 3070
15 4542
6119 1327
875 2056
7169 3952
3199 2255
5482 4378
3388 3798
2614 8943
2751 1968
7162 265
8794 2717
5020 3693
7462 8113
457 4410
8470 8275
7365 4914
5627 4299
3271 8571
6650 836
1390 130
748 2005
6228 8968
3641 5719
792 1147
6037 369
581 4950
933 4072
903 7119
4857 740
3427 3885
2225 8359
1912 8156
2169 2763
6877 3151
8135 4636
545 1872
5371 3042
1922 1204
4707 7028
8869 3506
5274 1618
4550 1975
5434 2598
8360 8317
4837 4076
1639 1591
2523 7699
5814 3818
1218 8564
7981 8180
3326 7219
825 1054
4768 4573
2434 5489
3696 248
7924 2564
5886 2529
3308 695
5430 2402
5157 736
4271 5436
3926 3419
2751 7145
1380 7120
5552 5177
1111 6575
4020 5747
3398 4238
4254 3315
8316 2529
1178 5933
1323 5343
1907 1458
4982 5696
6529 3012
5193 4906
8530 1902
1703 1546
6134 7441
1431 408
8180 4254
1356 3441
4279 1462
3042 8276
4823 3499
6126 3515
6708 2266
7569 8558
6809 3255
5565 2401
4902 8256
2490 4196
3440 7908
5013 6295
1898 1386
5243 2728
4792 1233
7520 6989
4885 4726
5630 4342
523 2184
8061 6669
4350 4264
3086 7477
8262 5728
6106 2917
2989 8129
8350 1756
7830 8441
3359 4934
1443 4474
2934 7800
522 2553
3926 6280
2006 2131
3008 7916
1370 1228
2039 5135
3032 6707
7658 4017
6530 2770
5226 8715
4444 5112
7515 5855
7798 3251
2505 2641
934 5540
1196 7497
5491 5921
6580 5257
2295 3244
79 8158
3622 3623
16 6518
7046 3530
3514 3360
3056 610
2817 1736
3144 6275
427 4130
3665 3927
4608 345
8939 5779
1146 5278
3666 6632
5124 7830
3779 2294
6593 2539
5515 4917
8394 6966
3357 359
4098 1376
3111 183
6740 1149
8429 3410
3196 7551
3275 5402
5814 8445
3448 8259
7385 5433
5626 5621
6800 1054
1908 301
6044 6444
2451 1484
5129 8050
413 8190
7522 3723
8823 1331
2495 986
7040 1135
5171 2181
7781 222
5736 4535
2050 4833
8226 1484
4573 7890
633 8170
40 2235
7105 7675
6428 7395
7466 1883
5188 1274
8939 217
2401 8462
1341 1454
1584 8711
3198 4398
3232 1573
1986 5545
476 8296
1412 1738
4687 6520
3105 3835
4157 318
5064 2482
1410 158
4842 3543
4521 8145
5079 3834
3271 7378
5448 7448
3339 6522
7069 3298
6657 5317
6524 8571
5363 6558
4559 4099
4334 5355
7812 3098
2054 5132
8858 6390
8562 458
40 3622
4655 1039
3537 6941
1067 2953
137 2317
6891 3647
4981 7371
3650 5085
3349 4792
1433 4179
6853 2475
2962 2657
3091 4509
2798 2822
5460 5095
1455 2859
1763 5696
6960 6302
1419 3758
1267 7514
4032 8067
8120 85
1229 6834
736 553
6299 2342
426 3342
8950 865
6398 5945
679 2098
1607 7178
2121 5623
5952 2862
2376 865
4622 4925
2678 4174
4962 425
2920 1259
6719 3373
3790 278
8825 1014
4179 5213
4530 1614
148 462
4049 8160
7981 3901
1948 4551
7587 7458
4767 6794
2014 4630
2055 4206
3122 4008
7366 6030
1102 2615
5333 1685
5932 4649
7401 926
2173 6337
4999 3007
2784 200
6776 2157
8874 8412
444 1798
5545 5194
2310 8787
3969 2439
2313 6591
1955 858
6951 7924
480 2395
4496 4840
6390 5463
5211 3530
6257 6812
2297 5290
2460 8378
1609 441
7334 8133
2360 3430
7896 8557
4 7867
3437 5926
6187 5192
6576 1355
7258 5216
2200 331
8265 7365
8249 7973
8495 3548
2500 7947
8337 931
1108 452
7628 5681
7820 521
3487 4472
3068 4662
2491 1640
6282 5453
3250 141
6031 2875
7282 2696
4636 87
5472 7092
8365 6095
3475 7559
6896 5232
6782 2859
662 2244
5136 7143
8348 2158
5526 4579
6252 1281
2871 3080
6624 4609
1494 8098
8168 5358
2139 2961
2995 7032
1862 4593
1818 4961
4390 517
5760 4090
2665 8827
2957 6805
2428 2479
7094 7797
8160 2537
4302 974
1375 4892
631 4367
5182 3186
3956 1449
7278 790
8216 3900
6524 5787
6787 3567
7206 3242
5307 5041
936 8142
5689 3149
6994 1737
2335 7384
1339 2755
3130 1644
8878 7799
70 7992
5142 6415
6407 2681
3031 1538
1715 723
6178 5490
4180 1485
8423 6917
5391 8547
8066 8965
8494 3105
4385 2659
6131 5137
2468 7588
421 3162
4704 3934
3440 626
8381 7842
4122 7285
5976 5504
5226 3444
8116 8707
793 2093
6146 1040
3415 6784
4463 5443
7708 3492
3375 3261
6869 8055
7800 7577
8723 4242
6854 1458
3113 8720
4582 7973
4203 4230
5706 8642
3565 5741
1124 6271
2866 8942
2170 6789
7550 2518
1772 114
3508 8565
1104 5953
3850 855
6289 185
8794 374
7959 1244
458 8524
259 3611
3767 1517
4384 6548
670 4532
4734 1039
6983 2243
8739 5589
2439 4155
5709 5284
8518 7966
592 5869
3191 3456
2945 283
1573 7983
43 6445
849 1974
6584 2195
7928 6524
7555 7878
3286 4354
2864 3531
2079 5385
8084 2650
3001 6291
2201 7744
3444 170
3361 1517
2706 5040
4865 8234
4777 5124
7524 4893
355 7370
1489 5365
3308 4471
4430 3132
2057 8681
6713 6511
3138 2147
3002 6166
5143 4825
5496 8082
5285 5823
4268 1964
100 2952
8953 5352
1010 5790
2002 6617
5262 4870
444 5509
3469 4993
1861 3453
823 1040
5234 3327
1400 4072
3183 2117
4697 2141
3910 7446
4691 4398
6014 6367
6305 5169
4213 8246
4285 1131
1974 2522
2807 4168
4140 2980
1247 7924
3823 637
6599 3654
1065 8659
5760 369
3932 5766
184 5130
1698 4335
7345 1980
3477 3107
10 656
5359 6524
4477 3967
2134 5832
435 7585
7286 5561
5349 2193
1140 2786
8670 46
1735 3938
5700 2058
6355 1830
6646 4106
5531 2088
8703 189
8238 2498
258 6338
8792 1392
8561 3961
5227 4558
571 7976
7221 8827
6108 401
3029 2812
177 3041
6161 6890
3807 1165
5461 4343
6364 6077
5217 3357
7870 5438
3574 5566
6242 2935
2672 1320
7503 3169
2369 3590
7527 3410
4594 6481
3526 1080
6467 2500
8755 1404
256 1869
3622 8649
2395 267
7208 3469
2621 5315
4493 8713
5266 6219
3295 4624
3747 2969
4474 7281
3524 6545
8010 1893
4364 899
5286 1149
2299 3989
5575 4954
4995 5459
1286 3056
7556 7854
3472 5011
8883 5457
5238 893
5148 2885
1204 362
7594 1461
657 3596
5200 4901
118 7758
8176 4695
3236 3099
5732 7601
8989 7860
8 7383
2588 5522
2883 739
118 5753
6372 843
3088 8761
7465 6700
8343 2059
2203 2925
7105 4181
2575 5250
8561 6475
3702 1029
2030 4682
8539 7380
8819 2228
3464 241
2611 2370
6294 6292
6470 7293
3584 2207
1086 4960
7189 825
2999 7125
3865 2725
6398 8527
302 2775
1321 6024
2934 36
8616 3856
5678 6238
5462 408
804 4806
2996 94
2798 182
4436 8504
8703 2115
2492 6847
2675 4073
1305 934
7861 1990
4794 3162
5420 3337
5442 873
3238 513
1045 3935
4591 2556
8919 3287
1490 308
2926 951
4189 6833
3867 7938
1889 1093
5144 1425
2611 3300
7193 4065
5406 8224
4418 7178
7780 1894
4412 4085
6794 8859
2358 8363
8434 184
4626 1897
8884 6580
5601 6943
515 6592
5764 7991
2523 5756
7533 5573
2633 4043
8969 7553
1199 183
6838 3969
1465 24
2515 296
1735 4165
7051 8604
7538 4818
4382 3817
2466 6739
4608 6893
2037 795
7995 2420
1658 1740
7091 3819
1133 7709
3298 6379
4451 5724
5724 4118
2412 2087
3748 1257
5440 8992
4007 4779
2743 3933
5736 7580
5641 5351
3023 1197
8366 5521
6095 991
3338 4664
4396 2946
472 4549
2630 7276
8784 569
439 2822
1321 3162
2688 4208
3688 5035
3652 4538
6761 1104
8221 407
7769 3029
440 8554
5119 5117
4347 3331
5628 4313
8795 2184
7769 4381
6831 1521
5093 878
2194 8397
7302 1444
6927 2222
4534 6249
4785 8279
8300 5956
3905 5540
6639 6166
2580 4325
6164 1263
2589 7128
5953 8208
5552 8208
6737 8790
4180 7580
7709 5526
6283 1389
3864 2128
3000 2416
8226 8120
6440 1924
7610 3381
1162 8318
781 1878
5220 6915
2847 6381
7753 587
2978 1778
6650 1342
7188 4652
3723 944
7219 3127
2960 8308
3191 5021
4716 5125
7651 4096
878 4092
4321 2693
8837 2369
8702 3463
8271 3289
118 6354
964 4339
6758 8469
3605 810
8215 8084
2506 5360
744 1457
5937 2896
8417 638
4618 7867
8525 7495
2642 2587
4473 7038
3728 4285
2725 4269
5545 3479
7384 3298
707 977
2278 4333
413 5524
1302 5875
3194 3825
7190 5910
857 4520
5930 7223
8403 5429
549 4114
5345 2183
4406 3927
1742 8691
3311 2297
5376 1325
4190 6280
1258 4733
486 6855
652 366
3931 1412
4230 8382
1968 4185
426 8774
2870 1591
2956 7299
5341 1949
2720 8923
3048 2538
4709 8808
5522 5015
8644 4766
2429 181
3749 3338
5844 5661
4092 7145
846 8349
3649 4948
6798 3030
7122 1550
2813 5684
6575 7575
1226 4700
307 4896
7333 8277
6734 3197
5266 8188
6221 5949
2279 8344
6241 4300
7530 4523
8549 3682
8213 4666
874 362
743 8870
4762 1168
1087 7462
7781 1637
6603 7452
907 2628
1154 3452
3322 716
8835 4244
2663 1585
8296 4119
6498 7413
8453 4304
151 2831
8 565
7624 2075
2811 8342
3104 6109
2304 8767
8579 7981
5270 599
3723 1093
3326 6565
6374 6891
6098 1407
6213 5587
1575 4133
4236 6499
4295 2522
1266 7511
1243 3981
3990 6060
1510 4741
1817 3314
1756 6946
3537 1003
5325 1463
7550 770
4175 4466
5547 5190
6944 4705
1969 7130
6195 1846
5201 1857
8688 3682
7229 5161
4535 7601
8617 4293
2116 1601
113 5192
7999 3431
67 357
2605 1701
3876 2307
5243 630
2458 375
5936 4776
1728 599
1069 4339
2646 5687
2688 4327
1779 7492
8090 1014
4375 4581
3805 763
6906 8229
4156 2029
7175 133
4513 6050
7839 2181
4508 6581
772 3254
3382 6789
2442 4928
4236 8767
7941 5440
5040 1398
1780 7106
1725 8678
4063 1455
5896 3148
4651 4520
2473 7708
1065 3437
222 946
8759 3110
5984 369
8651 7392
2338 4716
4649 7109
134 2018
8434 5284
835 2774
8182 7418
8204 4627
1556 639
8034 351
8589 6836
6947 8096
1555 7612
3145 2656
450 5910
2947 3142
2641 7549
4668 2369
3155 337
8317 8705
6227 2733
2616 2975
510 1920
2499 7547
1307 4140
4766 4017
5481 321
3003 1867
3202 3049
1653 2010
2668 7987
2253 6724
3891 7383
4853 3532
3570 6965
8089 7731
8173 1143
3673 4476
3331 3308
3682 2512
2746 5564
3545 2213
8184 4083
4677 1182
1476 6067
3456 4267
3276 5710
4611 3891
7733 3536
6933 272
5493 3174
2475 8534
1638 6009
596 2926
1805 4213
7363 6088
3173 4171
4717 3094
4256 165
4996 2404
454 3023
1215 3536
1361 640
8741 5844
8557 5119
1583 863
154 3470
2206 3213
5602 2554
4448 2220
5315 5791
8870 4979
5690 4687
5363 103
5394 3338
3763 3310
1891 1160
949 2911
2113 943
8886 613
2258 5341
3795 6367
1946 8497
4572 6868
1606 5446
5344 3501
4738 8983
5159 3701
8710 4156
7190 8344
8790 1437
5009 6990
7274 4621
4102 5382
1996 3720
1430 2984
835 5230
7182 753
407 7946
4835 7767
2828 5039
2964 1426
6750 4541
3417 7672
2690 1889
2942 221
697 5627
6634 899
4359 5750
7618 6185
7500 6060
7796 692
4945 7747
3194 4822
4118 1871
3033 606
927 1254
825 772
3837 4186
3180 2669
5330 771
3458 8683
1227 2597
2035 8507
1381 8647
4164 8750
1503 4611
3272 2236
2491 4526
632 4349
7775 4264
1976 4860
2314 4049
4206 966
5007 6541
561 7466
1740 617
1466 5975
1535 5566
4463 465
3376 6090
8941 5412
3185 3648
219 4965
6367 4286
1700 8328
6912 8778
4516 6342
1942 3556
4355 1186
3787 5667
4796 5241
4998 5189
3104 2193
8537 3209
5103 6303
6326 2863
2058 6671
6217 535
3190 2825
414 8002
6530 434
4143 7628
2253 3349
1837 5200
1592 2571
3623 4681
8153 7365
5386 5243
6832 5655
653 2143
2297 7984
7939 460
3350 5011
1603 8478
4449 713
1360 2432
1434 471
2446 2391
3725 4237
641 8799
4477 1025
2041 3522
5882 973
8589 4272
6253 6055
2583 3888
1046 688
5374 7662
4287 6292
4439 3585
5796 7778
1765 2673
7899 3321
5180 7738
1090 6385
8751 3904
482 5579
7118 4363
6375 2026
5500 289
1375 4496
1592 5840
8040 1257
1056 2666
6868 8525
4110 6741
8782 5866
4385 98
5282 6449
3578 4262
6748 3512
8121 2391
7994 7385
7788 1084
7483 3171
4639 2073
2551 2459
7536 3611
501 8567
3323 3865
6234 1287
8059 7677
3111 5873
6134 6275
6962 8153
3560 4121
5295 7242
7491 2906
6786 7023
7745 1744
6042 4584
3446 8966
6940 1819
1270 4220
8175 6269
1122 1380
3704 2408
3672 6836
4430 2316
910 8950
7200 2136
4958 5692
2654 919
8619 802
2857 212
8602 4638
1060 2766
1392 7987
8778 8776
4530 7863
8825 4958
7083 5497
876 303
1887 8558
8889 2214
4812 3909
4878 7477
8341 2716
3693 6629
6939 3087
5650 4309
3822 823
2435 667
282 5697
2196 5433
2671 3389
1037 1045
1069 26
2770 1058
8839 1163
1929 5068
2149 1169
1281 4488
6458 7351
8830 137
5593 5451
8133 5906
2453 2648
7781 2020
8359 7189
1542 5844
8778 1638
1581 2976
1846 4259
4331 8224
5118 2361
6696 3420
682 2872
1758 301
6064 4436
513 6526
200 70
8456 103
6868 7170
1878 2054
1117 231
3683 8388
2812 2407
4604 5168
8958 473
1956 2537
6144 4497
5465 3119
6089 2018
4271 7239
7843 3125
2331 3371
4639 3539
474 8146
558 2616
5427 7284
7860 909
3014 5083
5352 5657
4235 8690
3677 2983
6562 3846
3723 5213
5690 8204
4516 8533
2946 2071
6380 2731
4441 1968
3458 8041
979 2104
1575 2765
115 2943
8857 5390
2726 3317
4279 2430
7154 4976
5122 8688
1092 151
6078 3598
1954 2074
308 1722
2883 8241
7132 4186
8729 7381
5444 1228
4198 3300
8795 4914
2434 5700
4720 6808
2793 7551
597 8563
1709 3986
3757 2014
3952 1903
8810 5918
4746 8393
7066 2472
1025 8254
4188 5256
2319 988
1666 2401
2955 3800
3767 8621
4368 5942
1882 7080
3092 6118
4145 829
111 295
3018 3110
2022 3848
7894 501
5491 529
7613 8459
6601 8956
4931 5482
2016 1980
3012 5207
2776 2986
2986 3006
481 2249
5113 6924
797 4658
8218 2972
2824 1624
7841 1445
3639 8598
3568 3588
6408 4053
1406 1813
765 7419
7384 475
4480 7173
460 2712
5179 6844
4077 1822
7742 4022
3699 5146
601 2246
8909 5633
2666 3491
4362 8535
2900 7265
70 8888
3720 3963
8742 3027
1017 889
8470 1685
3874 5517
8684 480
6368 2903
5856 5485
3799 3309
614 3677
8584 5475
2359 792
2669 3163
7421 8942
3840 2412
8952 241
2437 8496
6892 3383
1919 7544
4629 2510
6564 3294
4920 7447
1878 5162
5480 7798
1971 4228
7953 426
1831 7297
4993 2520
542 2406
2697 5652
6575 1464
5531 5613
3156 1647
5476 7832
555 6643
3608 1584
2811 2907
5265 508
356 3806
261 1057
5619 5590
5314 4952
7943 121
2305 3036
3774 8641
5260 3665
6970 7734
1298 3822
6628 4366
3974 1270
4621 8005
1161 5558
1852 2673
1875 2115
411 8005
4833 2181
8293 829
6420 3469
862 3401
3648 6824
7797 2848
5825 4390
2315 4888
687 4173
6553 7282
8236 2927
7609 3900
6703 367
2912 7804
1500 4898
8729 1794
1893 97
5063 2709
393 8038
6990 2326
5310 7297
693 353
2608 4361
1336 247
2403 3845
3535 1868
4460 3736
6130 3729
2161 2703
2278 1622
3223 3953
4119 1633
1346 3251
1752 3060
8504 3924
6621 4706
7911 7090
5271 1589
4259 1129
2268 8780
511 1363
3620 1642
3602 5664
3425 86
7598 596
5044 2798
5427 558
4290 36
915 3394
1386 6785
389 772
4192 7023
3579 2147
5799 142
7698 524
1114 2117
8378 433
8852 5629
8247 8012
7236 3452
2244 2332
1490 470
7408 3319
2500 3612
2152 3841
7787 1317
6622 489
2157 551
4807 5691
5986 3731
905 2533
4015 6151
3344 5357
3668 109
5226 4039
2464 2850
5872 4101
8119 5350
3289 4738
4265 8273
7842 1383
2005 2083
1529 2961
1632 891
7712 5482
3155 3218
2953 8141
4367 4500
5894 867
5573 1438
8070 568
3772 4015
591 8383
3578 907
4935 6545
875 4478
6948 56
7853 8408
379 4829
2526 5264
8640 6060
4987 6988
829 2837
7707 260
5255 1713
3446 5554
549 5357
519 7597
5697 2724
8140 941
8536 5824
565 5478
7305 825
6160 22
4260 7661
3595 2813
6855 5296
8736 7448
3783 4045
3424 5589
1273 436
33 3960
1879 5564
116 3764
6154 5770
454 6155
5982 650
85 6785
5900 6397
7859 3629
5915 3636
4466 8594
8712 1320
527 308
6602 8191
2928 3886
2409 4912
4478 3538
2437 187
836 992
7693 2768
3818 3863
6081 7528
503 6462
4356 3510
856 5761
2337 741
7652 3002
8863 6033
5739 5091
3194 800
2464 6535
6906 8111
8877 2176
2652 4389
5881 3777
5468 2374
1977 44
2313 3934
4006 8383
7581 703
8358 5161
8083 5969
8837 5285
3513 8614
28 3427
8458 2641
8546 4775
6244 7860
4235 6066
1793 1853
5391 6472
4941 3203
7223 2822
170 2219
4807 6634
7764 6280
5562 1260
8513 4000
6033 6522
3791 6652
3109 7929
2128 6010
5351 3203
658 2265
4900 3564
279 2154
6911 2868
5294 4267
7874 1609
3287 379
2462 3665
5298 4451
6406 499
2560 6524
3008 3466
1346 845
1987 396
1264 8263
3859 4737
4082 7100
5762 7541
7147 505
161 8264
8235 7597
2194 5212
2708 4045
2245 6922
1382 707
8034 7005
477 145
2481 8131
3535 1193
2346 166
394 6990
2652 5656
5727 6260
4074 7781
3159 3082
7984 7370
8320 3861
4921 3585
8172 4346
4774 5045
1336 3149
7658 3721
2401 5455
3125 3805
7519 504
5147 276
8485 528
5366 4326
703 6737
4411 2337
1136 6187
5 5205
3819 7863
2375 4679
3542 4754
2908 2895
8370 1193
3008 5166
8308 6048
105 5921
4458 4779
884 7475
6586 6419
7881 5963
4382 2743
3677 4135
1908 3254
7757 6708
6029 6350
5893 572
351 5496
1415 4874
2500 7453
4712 92
3640 6207
3742 8991
7691 2753
1513 2918
2247 724
1122 4519
1348 8552
583 1712
3275 8175
4665 4836
2007 3566
2532 152
5560 1546
3245 356
8723 8564
4947 481
6029 2051
1333 7161
1981 5064
1791 3265
5202 440
6016 8411
6423 7887
2857 1463
4707 1695
1870 5873
7389 7716
4927 2173
155 5560
208 8495
433 1644
5702 951
2761 2427
2918 8692
1328 2199
5658 5803
5282 4082
3615 6012
4667 7443
2578 8589
2811 1127
8964 4412
4397 5059
2694 976
7502 6373
6449 3564
6011 6712
304 8466
4811 5837
6548 1229
7738 4586
8903 1463
6957 6312
3020 2831
1196 8142
1962 4955
3037 2711
161 2720
5749 5022
3327 3591
5691 2964
5556 4210
8957 7833
7579 1753
489 7575
4884 3319
8450 2518
4247 3611
4985 7014
3361 4865
5198 2402
6564 274
8759 544
304 784
5510 7644
6884 542
4698 2670
1534 2607
6796 3885
7904 187
2199 1032
1180 4349
6824 5909
302 5780
8002 5278
6743 4031
1764 8149
7049 4456
1083 3757
2255 3167
8641 1687
3761 1879
6937 5553
4289 3717
1438 4818
258 5054
1783 831
3760 256
7720 1538
8395 5990
194 5768
3269 3379
1599 3674
8315 1479
2588 2018
1388 7037
3311 2616
906 4806
4828 4349
1202 7390
82 8462
2856 2246
5501 4876
14 2757
6910 7816
2480 6939
7355 1796
7945 7396
6234 1468
8325 8498
3311 2187
2646 681
2346 6646
6948 6449
6265 1550
4282 4444
209 2867
6109 879
4927 5461
1192 3849
4419 128
4111 7429
1034 8527
467 886
4101 320
1378 7881
3307 5176
771 474
2140 2679
61 4223
1585 2094
4567 4402
4117 1490
3472 4539
4571 3904
1240 4988
7424 7233
3052 1069
2267 8201
7636 6248
5088 1809
1989 4151
1264 2295
7705 5293
5560 5568
3068 695
8541 2697
7934 6146
4273 366
4205 1768
6109 791
6813 5556
611 136
6680 3836
1717 4735
7804 1227
311 2900
7503 3096
1798 5181
3856 1196
1585 7805
466 4816
2204 7084
4150 7122
7549 780
5851 8781
5107 3371
659 3192
2155 319
1704 7065
187 5175
1427 1235
2978 5313
3670 6296
1642 840
5512 6059
2771 4118
1993 5293
1707 314
7224 7581
5613 5228
3008 880
4593 5873
1210 6913
5874 2431
4401 2821
4191 5109
4495 330
8015 4945
1259 7062
4671 8267
8134 4201
6034 4191
3848 3488
3934 5073
7933 8619
248 1096
7942 4443
1657 8510
6648 1967
5957 3524
1025 912
2710 5159
3623 815
7243 5685
3600 3279
4061 536
4873 8494
5882 8506
8879 4183
4749 2316
3024 4390
5694 937
4206 3641
8735 6400
4390 1103
352 5227
200 3552
408 6158
3629 376
1 488
4624 4376
1025 4743
2371 2512
4416 5020
8596 2841
6890 4298
2287 2274
6518 2026
8289 3383
3438 5513
4138 4204
3787 14
2754 7666
5747 772
1907 5738
7176 3865
7917 3326
8792 2439
5524 4774
1929 556
3590 5264
6290 4023
8541 5280
1066 8769
6504 6283
2409 406
3001 6040
2941 8300
4358 7982
2639 6053
5632 1562
4268 5879
6506 1520
3907 7167
8005 6667
370 3240
5305 1088
1471 6288
1839 7156
1306 3057
5061 5743
6007 2838
3593 60
6109 5054
5630 5879
1028 4338
5586 1584
8282 6635
4453 3164
6753 4161
5107 6339
5996 4058
5983 7924
1192 6798
4650 7241
5317 3654
4955 8264
6467 2706
2156 8438
8864 1945
5784 8693
3708 7406
4217 672
716 4165
4695 3577
211 6569
8708 1549
2467 2381
2995 2677
7453 5
5812 3492
6872 2779
3624 736
3298 5319
5051 337
4105 8082
1235 8645
2079 2407
3354 1830
7221 1955
3075 6690
7746 4734
2920 3330
4107 41
4029 3762
1696 7387
929 5721
3826 2629
4975 7214
8355 4781
2831 850
8686 5578
1894 6053
7430 950
4746 5401
1612 139
172 2007
1688 7972
2997 1691
1821 4324
4046 7395
3385 3086
7005 2389
3258 1120
3815 4587
4699 7654
7984 457
6183 6023
6978 7109
7020 1831
3862 8392
6941 5921
7134 1732
1880 3358
227 7586
5139 3230
636 8665
5885 3666
5929 3309
5712 4374
8343 2748
6470 5501
8543 3187
8322 3822
5716 5062
191 7743
7060 3468
1826 6558
3932 4892
2166 4533
4822 5059
8565 1251
4327 1227
1620 1488
7234 5826
2858 7996
7042 6799
7403 4063
2937 4782
3407 383
2817 7981
6128 1393
3031 8915
656 3770
4601 6579
1762 853
3773 4188
5809 7744
1808 5905
6243 4555
3743 2241
832 5073
5364 8897
4012 8403
5597 3147
4774 4026
4265 614
1447 6511
8816 4243
2902 2873
589 7145
4739 429
5354 5543
2400 6504
7513 3375
4592 3379
5572 1804
4550 1910
8726 1983
1958 8853
287 6780
8009 4032
1413 843
4569 649
4689 5366
157 3690
8080 2812
890 6576
4539 8229
3078 2578
2085 5188
8230 2192
549 1578
3759 3717
1411 4176
5416 1196
7222 346
3122 1221
6072 2922
3757 4789
1681 8308
3801 7491
8820 6709
1245 6861
6086 4825
3121 7819
1115 1732
5340 2533
5925 8180
8680 451
1953 4657
2408 1012
6639 5758
3138 8468
7716 4091
8659 3808
3871 3467
1516 3007
411 4751
2161 7006
3496 3774
2008 660
5971 3866
3068 6914
7829 5874
1327 1670
3339 6134
6248 8417
4056 7293
6470 2761
617 124
3209 2041
5593 8148
4453 7611
2389 4137
3077 968
4830 1170
8918 4613
5873 8623
6088 1859
263 5462
3103 1815
8884 595
4394 7557
4630 869
3857 837
4645 6377
1793 251
1307 7730
6875 1154
2910 5312
3011 862
7593 3399
5504 665
6256 1357
6696 7541
3374 2359
2741 1307
2964 7742
3483 2582
1018 4988
1514 1471
6152 3649
8307 6416
5412 5310
4762 8065
6581 5106
2973 5386
7451 455
2700 2133
3531 7922
8002 2688
2457 2304
8956 6527
7829 4792
8783 5160
245 7331
6550 1315
8960 4464
1946 5281
8237 5103
3553 3021
3740 2878
4593 5183
4175 6766
2999 4149
1828 5319
1148 3762
4468 8498
955 3743
2454 1445
791 2572
8374 5028
1764 3171
1593 4592
3736 4891
2474 3832
8064 5814
8784 3314
7166 8097
1416 3115
5764 4296
6211 6279
527 7019
5954 4249
2934 2330
2922 8574
5622 5943
5086 8242
4471 2100
841 2769
550 7897
950 7239
3574 7723
4856 2875
6299 5093
6010 1720
817 4223
8841 2270
8255 8919
2135 4655
28 8547
8642 2879
339 2772
6906 5147
3796 8335
2313 464
3963 7479
4511 2777
1576 5507
393 4254
2385 4128
1897 145
492 4905
6729 2941
2719 3974
2617 535
6586 7616
8473 7801
4432 3048
6553 419
8759 4264
586 1977
4133 4355
7330 2662
3837 8061
3015 8571
5810 3576
6480 7456
6099 8605
7747 1278
377 5756
2852 2536
5809 5645
1607 1946
8913 5133
5514 6272
7460 5019
7448 3714
5793 5937
434 1702
8642 5213
1955 523
8214 7477
881 8857
6052 2117
2817 7937
1880 5087
3249 6972
8777 6350
8607 4890
3740 327
7863 3524
2606 6367
576 3084
2942 5611
5468 4964
6619 4597
2601 253
6933 5606
6958 4174
1080 7580
262 1646
5732 1564
295 7739
8700 7761
7431 2629
1879 4780
4661 611
1263 2257
1394 2289
3251 3231
2056 6002
1713 5627
8076 316
5923 401
2795 1813
3228 2406
1562 3317
1345 7524
2562 1809
6081 4708
176 2638
8064 903
1479 2453
2833 4208
467 726
2338 652
6954 8790
3358 5540
7422 17
4233 462
5815 2877
2100 1351
4573 300
7914 177
2951 155
8090 4316
6265 1120
3345 8182
3393 1816
2317 1598
6291 3408
2142 2852
4515 7741
5070 5548
5527 5041
507 3991
8263 1877
2095 2740
8110 5204
2633 2827
3175 6001
550 2218
1739 4612
988 5230
143 4966
108 608
8518 1842
381 7606
8205 1886
660 7155
7729 8498
1778 3186
1752 4043
5004 1433
6643 1250
1136 8032
3750 4549
8679 1863
1120 2997
1263 1330
6849 4161
1225 6609
4760 7940
4399 2514
4656 2176
7480 4162
5939 793
8108 8487
7463 4605
4447 605
8981 2039
4824 4179
2221 3601
6938 4481
5590 327
6445 238
509 6256
8252 4027
3786 3993
574 4841
1455 6511
891 1095
7811 2676
5272 1666
5299 8064
1239 2278
3317 7114
2449 5012
3301 2989
3557 3226
3903 2008
3301 635
3832 8655
3531 5288
5690 3890
5631 4856
3216 5351
713 4245
3616 4937
1210 2222
809 1802
1490 5853
3536 2924
2927 2611
8451 7610
1906 3936
8918 5152
7631 2687
8162 2098
275 559
2953 8286
150 8238
2839 3580
866 1591
4541 1984
7378 1270
2782 902
6224 2024
5059 7705
5423 8935
3133 8190
2587 187
5302 488
6549 823
3440 5738
10 6089
3168 6678
106 5639
2042 5965
5158 7277
3767 1774
18 1178
1559 207
6986 1504
4920 2642
4428 1189
4108 8728
6992 596
4370 7950
1040 7506
7394 6910
4663 7998
4913 803
3018 7321
4795 1535
4010 5140
2987 4398
451 3456
4606 3746
2621 474
7593 7946
3122 6619
5896 5177
5499 2626
4954 4637
5617 8170
4422 3955
7582 6927
4509 34
5433 709
1710 6282
7524 5120
8714 631
5811 5911
3179 676
2448 1645
4 1351
6763 2249
4947 1682
4647 8718
5132 907
2267 4307
5491 2841
7013 1495
1820 5325
55 5191
4615 8953
5780 2382
8334 3356
3887 5350
2117 509
1615 8304
4625 2908
3936 792
3470 611
1204 790
6899 7175
8340 4543
3495 7424
4468 896
1247 6115
3799 7400
4608 3127
570 5361
5523 4428
2387 3255
639 1623
4783 7998
3346 8869
8067 8243
6213 4999
138 1242
1039 3391
5005 8328
4832 7065
5605 6247
7747 5459
3753 239
3310 7189
2288 5543
5182 4190
5120 5081
1467 8970
3910 2234
4595 8654
3490 756
522 7271
8350 3384
6876 3553
2687 2547
8433 6025
993 2751
495 1497
8113 5317
6674 6943
2522 8326
646 7280
5265 3448
7421 4520
4727 8228
2743 2312
2654 4438
7126 7367
1813 3329
4616 6049
3406 6227
5673 2887
7809 7654
1917 384
4621 6635
3242 3541
8667 559
8296 633
3004 6634
7688 7413
5507 447
1790 2660
2253 4298
6136 6627
62 8974
1872 4967
1617 8969
7047 5223
652 6156
966 1475
2287 7145
5679 1293
8655 8624
1483 4444
3906 4133
5048 1004
5512 6458
2976 8854
377 1341
3127 2371
6284 4735
5799 3236
5783 1605
1593 3059
8671 1862
5132 583
4070 3696
4281 8566
5164 7185
677 4477
8379 4053
4283 922
6977 3575
1528 1216
2780 1852
6295 6747
470 959
2166 5741
1660 2055
2554 8456
5536 5996
315 2556
4986 3333
7477 2031
6181 1536
6597 8588
1994 2016
5865 4665
2085 4453
7120 5355
8625 528
3677 1901
1926 3316
8005 4898
1502 5821
4884 680
3712 5518
8135 1346
4901 5609
6480 3999
72 6861
3125 572
5803 7034
4983 2524
5935 861
752 3013
3876 3841
2408 199
861 5545
6469 2123
2171 1502
104 1556
1593 3054
1162 4785
1119 866
4782 8014
5194 2203
2718 876
7022 4441
3358 5449
556 7475
2067 5180
2027 6823
4490 3915
3596 8923
3287 4270
2903 2821
7708 5411
1547 2612
2664 4136
6902 1807
2736 505
5268 2774
8115 1709
7746 4863
7684 5192
3406 2932
1476 1734
4266 6167
2110 3391
5743 2060
1729 1642
3266 3405
7980 227
1669 2813
4599 925
41 5981
7381 2676
2772 5282
7067 4395
6339 574
4304 6674
5722 7525
5181 4954
4343 7813
937 8284
3201 7988
3736 6627
220 2249
4091 514
7028 2436
1415 2614
6476 3134
1549 6874
2911 961
784 2512
7729 7974
5195 4532
5634 1802
5960 4400
1121 5255
918 8802
8681 1592
759 5029
5757 8489
6350 3796
2932 2769
4062 7402
3450 501
8336 4221
2104 8864
898 6315
6504 6241
7184 8634
4687 2743
603 264
4730 4324
4258 434
6994 661
3334 7135
6472 740
5108 8471
6797 6933
281 8935
5696 1534
5456 2533
7846 8762
5665 2949
1532 2086
8941 49
4861 904
1983 5029
4201 6768
5716 4009
7316 1940
7346 8118
4394 7198
8692 4671
4309 4452
1424 4846
3552 6790
5214 3523
404 4529
8892 2706
2887 3936
3444 4861
7863 743
1140 1983
7841 4474
5997 1788
1064 4098
6662 2765
8636 8255
3150 7252
999 4295
3640 5181
7216 8115
1395 4262
2704 4415
983 5600
570 348
3573 1183
4590 3309
3662 5521
1868 2172
8629 4452
7892 4706
188 5123
3963 393
3258 3416
968 8526
3313 4164
5065 1189
8607 475
8743 2090
7297 4261
1317 835
4404 6016
3481 6304
338 2429
164 1474
8204 4182
7125 5485
8102 7014
2831 3369
8856 8744
8142 6883
6640 5099
2255 7836
7330 1744
8573 3721
5464 5976
1078 8099
811 1708
4498 1249
8394 6030
4823 1380
1858 577
4161 2354
7482 3077
4549 282
6000 3806
328 2624
5072 1611
3632 8411
5989 5994
4443 8329
2495 4309
7675 7667
3019 8940
5583 7518
2258 6385
3667 2406
3624 5689
3381 5643
2162 4880
8549 6058
947 588
467 5464
2410 2343
2144 8947
4104 3719
1087 1337
5773 473
6680 3627
7129 7793
8484 994
5605 499
8613 6128
8406 5065
3563 5066
7230 7239
4437 1991
6403 6380
7186 2747
2922 2211
4436 8104
5390 1818
5527 835
2690 3320
8919 1284
1058 8915
3227 229
7862 3597
1536 8978
8269 4837
4982 1201
5527 5666
8631 3541
3852 1667
4046 4163
6664 4191
5844 8416
4809 7335
2720 1780
5979 5994
6938 1190
1631 1847
8419 1658
7014 806
4371 7615
5566 4441
3926 3372
8805 7001
8369 6484
8861 6290
5126 4090
1728 4229
4000 810
80 6307
3301 2918
8598 7002
5494 7400
6922 3737
8535 4188
3087 8558
7800 6923
5924 901
5705 6616
1511 2354
5996 821
5070 4208
3075 5678
1213 5016
3278 654
2524 6512
3893 6647
7913 8197
3438 7332
5869 388
8095 4458
5633 1916
5451 1201
1888 3549
1132 8145
3480 3126
5563 2407
1793 422
2366 668
7800 2805
8514 3856
8279 7495
7297 5431
2576 3910
41 230
192 6838
4917 1258
922 8816
5185 2230
3648 1974
1917 4840
8874 8992
1968 4065
7013 5082
3706 695
761 6461
7442 6546
729 8336
1102 3328
2777 2525
1861 5943
1197 1626
4304 6728
431 479
972 656
3716 3671
3504 4748
8110 3437
8004 4036
710 8548
205 5875
3315 8291
680 233
357 5658
499 4026
7081 8071
3512 2737
5356 3147
7198 8046
4465 3663
7124 5916
4077 8049
3585 3703
5767 2537
4643 5807
6087 4555
3336 7490
12 5602
5700 4014
4898 4389
6172 1066
4678 2944
4536 2739
5289 1398
8370 7107
2887 6751
2795 5073
2733 7012
6117 1017
3552 2898
6977 8066
2218 3688
2419 2592
7346 2065
2006 1007
2090 7636
7192 2259
3279 794
3846 8470
4322 1262
517 8533
8449 2799
3343 8350
4929 1238
7893 5572
1014 229
2344 1187
522 233
5097 3079
5312 1350
6115 7297
5711 287
4183 632
5434 3918
1725 7768
5329 8790
4667 4498
6782 7761
4463 2320
1353 5814
8575 8704
1088 2664
7253 1342
5340 1432
763 8890
8049 49
7067 5666
4518 1025
7801 8703
147 8348
3466 7730
3254 7080
5602 7397
3553 271
2248 3104
6904 1907
1483 3722
5753 3547
5260 6426
6117 2022
4841 3329
3638 7597
7940 6085
2602 8341
591 730
3444 8493
1402 7220
8749 8427
1944 8166
355 4130
208 204
5565 7006
4869 5152
5499 1911
8020 7339
726 587
7658 5
2370 3746
4091 331
1199 510
5431 3441
8843 5220
7335 6730
2510 8277
7962 3902
3251 1901
8933 1180
7919 3610
1158 380
6296 6472
2772 7059
6560 1148
8597 2653
7545 8077
3700 372
3147 1229
3377 1829
7013 4049
1816 612
4577 5668
6142 3747
182 1753
4241 5135
4474 493
4854 7744
4883 4089
3698 8207
324 1795
3192 7883
8235 5645
7330 7451
800 4173
8366 6060
2787 4639
5451 2059
28 8263
6291 1839
1663 4036
7580 1238
8409 5072
7636 4292
2782 581
1481 6075
1019 4730
2950 2292
4281 288
8375 7020
2371 895
7447 7485
6652 688
4960 2041
4162 3333
6565 6351
253 5202
5638 2189
954 6458
4269 1110
786 8369
4884 2369
7743 147
6193 2852
8419 8554
4678 7452
3676 4642
1031 6868
556 6014
356 806
6749 1004
808 4668
1859 4014
5153 1712
1007 1443
8138 817
6182 447
6994 5069
7769 943
1502 5760
8801 5002
856 1688
5207 3592
4092 5207
3704 1334
8062 3643
7653 5657
6928 4315
6769 751
4272 6022
7626 3718
6208 2955
5795 2685
781 260
413 1103
5618 5343
454 6557
7866 4174
7223 6419
6443 775
3238 6688
1745 1047
8639 1861
3880 2940
8011 1749
7371 6218
1383 3896
5573 32
4394 2395
5386 3151
7655 31
5193 3259
1337 147
1616 3544
2354 4186
1447 6003
5213 5101
7357 6295
5615 5154
5355 8707
1254 3113
3278 1604
1720 1742
2439 2188
8781 174
1934 317
2208 2330
5006 4867
3559 4391
2751 2794
2306 672
2008 653
6197 1694
8651 1498
4515 7159
5220 3021
6301 7735
4300 2021
8918 4411
4840 3750
6460 7360
2939 4160
8013 343
663 4156
1166 784
890 4386
2447 1346
3600 773
5961 375
8766 6197
473 5882
2586 3373
3280 7242
157 4241
7972 3476
5997 8371
1296 5368
621 2234
7565 3350
6156 4723
8206 1335
2106 1241
3243 7053
6903 4366
4015 5439
3436 1707
8903 1281
8553 6064
7058 5356
6112 3191
6457 8894
4126 2788
976 348
3617 4551
3652 3493
2415 1951
2154 7588
2862 6516
562 2888
8022 7181
1030 1043
4143 4611
7702 1266
5354 3051
4916 117
2579 5758
306 5502
8071 788
5797 2963
151 5148
5551 2085
2116 375
8992 8442
2648 1483
237 4906
1067 4703
554 8730
7900 1957
6523 7414
2219 786
4384 3870
2241 2680
274 7686
4371 539
2605 8674
7258 6886
6526 5061
7450 4037
6754 8460
7626 6032
5351 2052
159 3526
796 5412
2022 1675
831 3768
3522 2635
1000 8300
7153 3359
7540 8905
4376 8949
7760 1134
2894 1675
6381 4174
4919 3732
5393 13
3832 5467
8217 31
7820 4989
6918 5345
2398 36
8586 8559
5576 5805
1455 8334
6701 6895
6843 498
4782 1268
5297 1197
4 6448
4054 3389
4847 1460
272 6590
6274 3245
6658 6248
8089 90
1599 2629
3633 4205
5178 8876
5818 4947
8060 1281
2316 2864
5679 6225
1495 5636
6836 1936
5821 568
7138 6405
4671 1822
4984 6355
3371 1098
2076 1010
2407 8521
6574 5247
8183 5602
1418 2288
3599 4268
2048 3854
7716 6191
4460 3500
2618 6499
7916 628
5779 7742
3146 2885
1935 160
2074 5486
3223 4697
1665 6620
4626 8397
1792 3496
8338 2738
6973 1310
550 1679
8458 1314
7636 7137
5852 6215
1972 1390
5011 683
3950 7479
2285 3297
3374 916
1015 7894
3457 6119
2518 231
2335 1372
7631 106
4519 4427
4569 3408
4555 165
8379 5633
2816 5168
4746 8396
2428 75
3495 6996
6370 3402
7247 6886
4671 3211
7662 3142
3911 6574
4284 5408
6272 1410
2201 2572
666 3603
8721 4629
8712 4580
5548 1868
8251 5802
8640 3351
8783 1952
1131 1481
3484 2087
5610 3008
932 8422
3257 2355
6535 5543
8589 3580
804 8575
3458 2150
6442 4869
3766 2353
2186 403
712 234
3824 4153
4392 2757
2166 4344
1800 1525
8795 6848
4883 2394
715 1929
5355 1509
3703 8088
7354 663
4418 2119
4095 3256
6817 1317
2945 2349
2537 1375
6170 7200
4744 3722
307 2804
4589 1301
2027 1261
6717 8301
3675 3918
967 2211
4610 3861
8999 1510
5564 1394
8655 894
5339 5021
4914 1111
3564 3661
677 3720
6616 2827
8353 6129
778 1569
7905 3870
4632 1173
488 5641
6904 5771
5100 8179
7978 8330
6735 51
2426 5338
6936 3459
733 7796
7854 1240
8996 8632
4146 7534
7576 2408
8249 182
7390 2181
7694 3665
2547 3733
4658 3264
4504 1407
2531 6099
3803 4462
1635 5396
8613 466
5403 8480
3811 3549
8369 912
8999 1558
2784 7572
5611 1185
7390 6769
544 5021
2120 2752
2085 2481
1019 4978
4818 478
2492 5080
5827 1890
5608 3543
8533 3674
8670 1215
705 8199
7211 2992
3661 7616
5089 7534
2604 7185
3207 850
1088 7260
3181 4783
1016 5552
3116 5881
1030 5654
1127 4461
2741 3619
4244 4157
2416 4734
2076 2324
5550 3525
5957 808
631 1744
2839 3949
1943 2443
20 1204
3969 2528
4330 5898
4257 7269
7851 8699
2665 962
3171 6213
5667 3359
1517 4919
6452 2268
1304 2293
8839 3469
6898 4283
139 228
5728 2122
1024 8374
6676 8565
1755 3451
7089 4911
8915 8073
6552 1597
540 1450
3003 8797
2467 5295
2960 7546
910 7936
2446 9
758 1789
6240 7090
1639 3947
7464 4342
6014 1514
8949 6645
4464 1181
3666 1204
67 4871
5574 349
2521 3302
2636 2631
4765 1846
7882 4702
5885 2124
6903 3751
1184 3216
3415 5207
3564 3669
5456 6595
1442 8607
4048 1811
2367 2717
3605 1956
5111 2440
1066 2433
4732 3149
7344 3937
6493 1240
6889 2333
94 7824
1344 8074
5029 6192
3595 7035
5582 735
1559 7544
3208 322
7669 4381
3178 3157
8781 5773
7527 287
1335 6533
975 4480
4498 7858
2966 3789
2416 4629
8333 2613
5336 8743
7065 426
6344 3876
4460 1792
1911 4276
58 7168
5806 5150
8390 6386
3118 3743
2891 3676
5398 6650
7662 2517
1958 8203
1557 856
8669 1688
1509 702
3041 6543
309 7196
7532 6157
2828 6248
2703 1235
597 5944
2370 5983
4154 262
5316 7765
8823 2547
3371 824
2817 5099
1473 3258
1614 8810
8619 3120
2892 7313
700 7484
2052 2574
2738 3892
561 7166
5599 3987
833 609
6471 3115
1301 3744
205 527
1822 2265
5606 1526
1391 5475
8296 7657
8594 1
8257 2686
8837 1773
1361 2475
4278 4812
8855 3157
3368 1358
1187 4921
1203 156
7482 5748
7762 5546
4082 8532
3523 984
3766 7423
91 1274
3484 6686
535 6641
3492 4057
8258 5801
591 8160
277 2157
2558 2288
5421 135
5375 2743
6924 8757
3265 4997
6735 1806
2914 7292
8286 7683
7228 4470
2476 3308
2026 4105
6570 1851
5389 4652
3034 7483
2849 2758
1337 2643
2072 2311
7537 1569
6613 6609
8699 454
7293 3963
495 914
6312 2757
8622 4218
3656 8266
2514 6130
8828 8535
2912 5657
5915 5849
8927 7873
6876 3158
140 1021
2472 6021
7373 8940
4202 7876
5710 165
1944 2161
5345 425
162 1359
8214 4191
2782 622
8480 3664
4035 1714
5638 8782
5747 3307
6832 843
5377 3078
4688 8138
146 3727
2316 984
3855 7520
475 4454
4095 6972
3872 5955
6176 437
5045 5381
4449 3294
6256 8729
1444 6786
566 2738
4115 6268
4634 3108
1598 3326
7915 3437
3330 8672
620 34
1792 4380
4562 7065
915 853
3630 739
2599 1850
4586 3506
6280 5435
7720 7586
1742 3637
5386 5326
6578 7542
7292 5598
2366 298
8125 7842
3282 1025
730 3748
657 4164
1244 7879
5960 8645
2416 2377
3842 5784
2164 5538
1449 1477
6073 8106
5342 8831
5252 3343
3882 7210
8959 6781
7480 3988
6434 201
8967 2578
426 8590
1417 121
2987 1664
2389 5338
3920 3872
4225 5186
1105 2870
7660 420
2840 8449
7089 5984
6597 1109
3555 3284
6628 6902
120 5349
3497 6532
4812 3585
8187 4790
505 8528
6804 3548
4927 8984
5339 2496
7670 679
245 1890
4559 7835
1274 1823
1552 6377
2001 6505
6811 2523
2313 2467
1668 7939
88 2138
7174 5617
2999 4396
5336 80
663 7168
1260 6156
581 8427
8373 6885
3521 5119
7381 7364
3454 5945
1111 393
3852 8884
1841 3741
2356 1087
3004 5712
60 7284
7219 5494
7003 3457
7651 3705
3966 2199
2204 8567
2799 7211
6277 1226
3022 6021
5078 2660
4103 5668
4294 5173
5095 1857
2925 1851
173 1599
3087 2039
7114 8859
4776 5727
1182 6484
5604 2119
7825 4808
4762 4802
3366 3547
7623 4351
4696 8514
1873 2953
5808 5182
7970 1131
8706 3043
8074 3451
7584 2639
2361 4266
5045 4146
2245 2361
8034 83
1872 5419
3328 7413
1921 5766
7777 1640
2265 2150
5055 878
6398 6243
4627 1174
4290 383
1008 4963
1467 1347
1082 3643
8602 3550
4523 5028
1427 3948
6222 8651
768 8701
857 2787
815 6398
6951 4774
6965 2321
3581 1025
8290 887
2995 2216
137 4398
4729 5191
5559 3612
4816 620
46 2234
136 1768
3685 8734
657 8405
2059 5317
4850 4736
3320 8908
8258 3219
1690 5612
180 8689
5404 301
4460 4897
2342 1262
779 864
1560 7453
5495 2971
3855 7780
4241 4802
640 2203
457 6414
2397 8824
363 3348
2217 5068
3089 4474
2853 2828
5602 5630
4071 3384
6132 1181
2149 1362
3223 957
4359 2889
492 3860
3527 5704
1134 6520
5144 6589
5189 3019
6318 3261
7839 5334
1703 445
8044 836
5504 6450
8396 5922
3298 5105
3309 8745
7386 4048
4412 1109
7530 25
3442 4470
7596 1205
2751 8913
6025 4120
6317 2869
3905 1766
3268 612
8420 1223
7516 7811
591 1379
7051 7672
4904 651
2081 4491
3632 4612
10 8244
8693 6639
5132 3528
545 6117
5619 4377
2239 1903
3840 1190
3505 5630
816 3681
2226 7077
804 6396
8304 7467
2076 940
4554 6959
7635 6553
1971 7300
1869 3460
8973 8572
3123 7848
861 5380
7629 7581
6242 2188
2058 1381
5762 3623
4083 3771
2831 1903
4729 1511
7804 4258
2251 4503
589 5437
2411 4992
3400 8030
1751 2330
3157 4642
1445 423
7393 4101
5113 1267
8376 2678
6935 4489
7739 5120
7002 6271
2440 7373
1437 5429
8551 1692
61 2474
6575 1946
7088 4867
6124 5394
4351 2242
2382 6100
3361 1883
6279 508
438 1451
5723 2173
250 7442
4851 8342
6048 7192
3043 7364
5962 2177
8897 8766
3059 6353
5295 6723
1475 8057
8332 4471
629 2289
8024 15
6638 6396
4456 8504
997 8884
7267 7700
5869 829
6631 5391
5878 2534
1796 4234
1527 2834
5932 1852
6131 4548
8822 971
2413 7780
802 1296
935 6815
4504 7450
4905 262
3366 3201
8866 2201
1842 701
7787 4201
2452 4731
4153 1632
6090 3989
5004 4212
1644 5135
4205 7713
2523 5261
5724 4978
3457 894
3433 4125
1960 4339
6068 5738
5139 7380
8580 4434
6991 1693
629 5366
4571 7369
5923 389
2814 7222
7405 1325
4897 253
2493 1346
1235 3444
1549 6753
4001 8184
586 7892
5716 4467
7261 3712
6638 8078
8516 2836
2199 3168
8027 7757
3057 1524
7592 1962
3794 2951
3715 3136
3631 283
8260 1602
198 3232
1387 5817
5453 5020
870 8472
7383 3821
8185 6103
2278 5345
7781 3750
803 4630
5824 3864
4405 8167
2987 814
8557 5124
717 2457
6358 6536
14 7700
7847 1822
5661 7512
2554 8247
5385 3917
5293 8738
8179 349
2227 7385
747 661
1085 4827
3589 3693
5304 3192
7049 4068
4163 6521
7983 3961
8742 4687
8103 2955
2252 2520
8730 735
8336 4429
2223 4955
1631 961
6794 2460
280 8597
6501 2879
49 288
6459 1850
1203 5381
5731 4569
3063 206
665 6613
6774 4816
1279 4075
7273 2909
6110 3239
4172 6921
434 1379
8653 2216
3381 8166
7987 2321
4647 8386
4918 4380
3375 466
768 5346
5551 5472
4215 576
2703 5681
1493 1511
516 5278
3216 8394
1045 1286
40 5643
8148 6105
570 944
5978 7252
2138 3197
5633 754
7995 3125
5449 4656
4362 1200
5752 131
2854 2985
7876 8377
5401 6088
3461 98
7051 971
2377 1683
5582 5034
7853 800
5389 4941
5766 5373
1936 5958
5770 905
6449 224
5957 4874
6938 7541
1012 5992
2111 6635
6809 157
7526 5356
2962 7109
5872 4912
5102 7028
4170 237
3107 7778
1846 1879
7258 635
2490 5788
2589 6711
5056 97
2223 210
49 4164
8298 1847
4404 1690
3532 2987
2606 1634
6721 6573
1375 1266
1680 2098
4646 7249
4338 1518
8539 4848
3762 1165
2794 5753
2686 4895
5834 5780
1367 807
247 6275
4768 1528
1346 2164
5452 2013
7291 7787
2816 837
1024 4231
626 81
5188 868
6551 6126
2212 3072
7675 6694
1455 4935
691 1882
5411 4752
900 7938
5887 764
1745 6952
1549 603
1558 2552
3294 767
5491 7370
577 1696
682 8047
266 5770
7758 806
2091 6716
4108 1154
6487 2164
602 2289
1083 1636
75 1763
7279 1508
890 433
3287 3166
8531 190
4058 3933
1081 7093
6898 6679
5891 4690
6207 3574
8439 4414
4563 4123
4339 2434
6098 3538
7832 2257
6246 7973
440 5480
4000 7330
7631 1488
7892 7818
2770 2131
6855 2752
7626 505
4061 6197
5090 7909
6361 1478
48 2668
4780 4115
3979 4040
434 3584
8890 7134
1023 1174
2872 1487
6181 7194
1233 836
1847 3347
7652 5845
7428 3105
5028 3462
2825 4129
1373 1951
2113 4232
6985 5474
5644 6113
463 8072
1935 804
1547 169
2944 4416
2104 2627
1597 695
5661 8727
2929 462
6617 8991
1209 97
3363 4761
1260 6212
5235 4469
8357 1446
5142 8332
5018 6743
7717 3476
1127 3389
2552 3619
3022 8099
6289 5577
1073 1468
3337 661
4660 1434
29 7237
5574 3964
5941 1373
437 4233
3760 7553
7372 1864
1050 6281
6624 1759
2572 814
4368 2180
6353 6403
4342 2985
2224 4308
6268 5045
6434 2416
4302 3150
2075 634
4260 1532
2362 2522
3923 4482
5712 2479
2136 7882
7545 8484
3411 4411
5281 2417
5365 1527
6587 5149
2905 770
4627 7359
2041 4612
1391 2967
1474 5796
1145 8178
2959 4027
4913 6746
727 2460
570 6108
6756 3381
335 3033
7765 4814
3721 1814
2802 993
615 7060
7425 3760
6587 3686
8797 1851
4927 7767
7306 2861
3974 1317
1502 4841
8392 1888
7137 6370
5488 2289
728 8393
8552 7591
6582 796
5183 7186
7866 4594
7144 2788
6571 541
3395 3297
7875 5897
2741 6172
4370 208
5833 4282
1355 4443
5424 60
394 2244
4489 1360
8886 4309
2090 4057
3904 3644
526 8994
4757 726
4905 2566
4304 2627
3501 2731
6058 2871
402 4910
5914 32
4203 3036
1777 4100
2181 3
1900 308
6785 5321
739 6015
5200 3161
472 3901
5401 793
6493 5518
6062 8045
219 1500
470 2377
6194 8439
4866 4552
1257 5010
606 3425
6816 4122
5030 6446
661 2780
8175 6453
7363 2052
1620 3636
5083 4778
8985 8860
7323 3949
2815 1791
7338 5672
7682 8248
6798 1530
3186 4158
4797 1701
3880 7285
1436 530
1044 1356
994 975
1002 7906
2804 4655
8330 8554
8649 3330
5116 8408
1940 6640
4054 3158
3625 6788
1404 3804
2478 1811
3586 5365
7436 208
792 8593
7304 2203
1664 7911
5442 5550
5732 929
7774 7654
6419 7189
8478 661
5512 7019
666 4498
1070 2397
2154 8083
4748 3601
4287 487
4854 7797
6678 668
5546 1362
4717 6061
5295 5338
7564 8904
6646 1518
8985 217
4639 6051
6165 2488
3073 2636
3500 961
6593 1983
6646 5183
3654 3031
6658 7409
6232 7313
1018 48
5794 7400
26 2393
242 5496
5212 2971
5720 3490
1132 2006
2702 8598
5852 1016
560 6776
62 3474
355 7965
1572 2662
4434 5666
2104 7802
2838 7885
3864 2837
2648 6510
2757 2405
1597 4380
1130 2583
251 7680
7492 5187
7452 8355
4236 4142
8216 5389
8262 1327
702 778
2334 7256
7271 469
7773 3424
1548 1645
4792 1887
5043 4497
4712 1541
1390 6157
4048 1792
5005 3030
3909 4652
2783 2610
6540 8929
7147 6627
5340 6183
73 8647
3570 8367
5542 6432
5619 5883
2209 3051
7526 834
115 6441
4685 1346
1273 2073
5214 2945
1664 8565
2611 4384
5543 923
1188 2477
46 8957
7068 8194
8196 3984
5776 5643
2608 5026
6627 203
4980 998
7688 6086
1153 2779
1897 442
3529 8808
564 1538
367 999
5725 3025
3081 5277
994 1485
5230 1747
6348 1091
2506 2040
4726 5871
2744 3819
5446 7685
8297 6412
7760 2572
5670 2350
5266 5537
6618 8216
2093 1954
4881 5078
8141 4662
5156 4166
2122 5920
1724 6598
4762 6505
3692 2059
8265 2397
8690 8991
839 6068
6229 4295
8380 1579
7661 6241
2439 2883
7002 7897
8011 3682
2988 7835
5085 5054
3051 4608
558 5134
1893 7793
7935 1100
1706 6225
1577 1895
4568 2812
4318 1301
1382 7440
1157 3752
5622 8980
355 2137
6400 1388
3118 3182
7744 5872
4856 33
818 8218
6805 7830
2671 8594
4136 2622
8531 6525
753 2680
5178 4592
8564 579
3865 4416
684 7488
1618 8892
1920 5050
3264 8687
8251 3212
6809 470
7361 2298
3670 4929
1052 7379
926 1943
8014 4181
6619 8206
8736 6304
1306 296
1601 7660
4661 5803
5261 6968
4456 442
7277 7162
3220 5731
5673 2329
2091 3169
4829 4436
6453 4118
6804 1046
8131 1369
453 5531
1180 3515
7584 2001
597 4292
4105 6104
2664 7702
5457 1605
7219 3848
4854 2642
2638 5238
6952 4554
4918 8189
2780 5616
7189 164
5090 1877
7870 8696
7201 4258
6068 2340
8724 3904
3710 8553
3600 5880
2278 2280
99 5628
844 820
1930 4078
3879 321
719 4565
4804 1680
7367 3601
434 1933
527 5688
6917 1222
1853 245
5121 4711
5783 5005
1059 4400
5186 5221
6880 1506
7711 3673
3598 2016
3863 7616
5041 5665
2458 4640
984 890
1522 5703
6044 1804
5276 1075
8370 1209
4417 4787
1158 5539
2787 986
6707 7225
3852 777
343 6616
2319 554
5411 8624
7955 3729
4435 7743
1372 1555
4859 1311
5253 6398
1394 4725
140 1875
2828 2220
5270 3791
1456 6385
5711 2890
7858 5185
2908 1395
7935 856
4898 2563
7136 7478
2751 2566
1510 3938
3005 4843
7219 2545
6299 2006
8935 8261
938 7891
4942 1369
3732 7632
5790 6042
5452 171
532 7389
3950 5469
7981 2387
839 4499
2514 1597
7982 3261
5638 1662
4696 4487
4088 7977
2341 3835
8624 8671
8923 5101
722 8899
950 1280
2232 8380
1627 8396
5603 3798
2237 1977
5378 4048
6283 6363
6729 1528
1865 4249
7035 8237
8469 1259
3535 5340
4825 3392
5975 7645
8199 3568
7717 1369
8056 1712
8324 154
2338 7477
6073 5189
833 8155
199 7693
385 72
1234 6565
1304 551
2099 5623
6617 6855
4682 2942
6935 4167
7263 6317
3399 3062
2121 5062
2036 1777
6203 5228
4590 13
2641 4151
5941 6978
750 3895
1073 4258
1257 520
2468 6772
5714 8672
8381 6682
7807 3848
4888 6291
4175 5533
4482 6928
1093 3420
4752 2844
2453 1201
2011 3410
3547 4854
4397 3037
1407 7143
4307 4377
1216 7638
7013 2834
4127 4031
3421 1294
6519 1779
4162 776
54 2034
5216 2221
6178 4100
3063 7841
68 15
7094 5831
7011 5737
2232 8930
7266 3765
8986 3415
3986 2600
5197 5
3101 4628
5486 7733
4342 2006
4714 4479
7138 604
4556 624
1539 2867
2234 5781
576 8631
1351 2900
900 3034
8446 898
7386 2183
7202 3861
1631 7287
518 3919
7097 7602
4741 3903
4346 3194
2212 5318
1653 1431
6189 5864
2852 1200
6915 677
5754 3178
2424 4133
4737 8853
5031 1445
187 8410
5902 4499
1983 2604
5446 4745
33 2969
1712 848
6893 2105
2805 3830
4202 5352
2486 2302
7148 5678
6529 667
7985 5589
5928 6853
5473 7661
4982 2929
3948 3920
2330 497
7170 1209
2401 7962
5904 813
7860 2758
5525 3910
495 7478
6642 4369
5607 2689
4614 4449
6650 8100
892 2885
7026 6125
8432 6805
3862 7213
5606 981
5426 6318
4074 3864
6274 4988
2670 8724
1686 3865
5743 5352
8251 2447
4434 8376
3620 4517
2157 4240
317 412
3765 4025
1350 6110
3541 8525
2934 1146
457 1637
3940 6033
4595 5413
6719 516
8512 8453
1967 339
4890 7663
3800 340
52 2383
4885 5718
8108 1566
7817 7400
4575 8712
1627 3224
129 13
405 716
2515 4687
6798 3886
1181 7139
1649 3830
963 4779
5219 4903
7281 1209
4954 7627
8661 4858
27 4330
2679 5298
97 6826
3069 4846
3443 7444
550 8848
8057 880
8296 61
1462 3501
8198 6798
5018 2372
3011 8618
697 4091
4037 8803
7413 1
1171 6028
648 1967
3089 7744
8851 7635
7691 5811
3291 5085
2192 6277
5624 4693
3282 7752
5375 6004
3817 4248
7885 8189
4838 5829
232 330
2666 3885
1231 6957
595 2222
5005 8269
1972 3591
2721 7174
2267 5246
8413 8078
3778 7505
8985 1396
869 5809
4896 6803
6728 5134
1535 682
1457 5969
1549 332
1077 428
3489 2671
7867 4388
2151 4784
4911 1151
3165 8971
5054 7636
4919 1137
5136 1533
6407 3801
3022 1797
4419 8966
492 3267
383 3962
2538 1201
5016 7219
3292 1882
1210 6029
4877 1959
3651 3764
845 1434
6547 108
3973 456
7884 4553
1945 7774
8349 4322
7938 3586
8063 4224
4744 8022
4648 4815
2753 2814
5421 6671
8983 7707
5874 8941
2528 6677
6264 7248
1192 24
4717 7694
1414 388
8472 5021
7319 5763
1251 4418
3145 3606
2601 7052
4891 1776
4129 7719
5167 3249
7034 4040
1748 4786
7306 4634
4188 4192
4262 3097
8823 5482
4575 7705
1482 3022
4039 7127
4628 7342
1843 2583
2114 7213
1582 6512
4593 3579
8002 553
4594 4323
1354 4778
6672 928
6434 2677
8525 1274
3996 2840
6585 4625
4508 3746
4603 3538
2480 8624
4539 1675
1797 669
6632 3820
8890 8337
1900 7485
720 5208
114 6568
1985 1023
4813 3698
3461 5260
144 1754
1872 5066
7763 3263
4231 6199
7056 2012
2399 6706
8746 6557
3432 6528
291 1607
522 8670
5570 3903
3050 2834
4523 1561
1341 4956
6217 3579
2046 1319
361 8057
3559 2263
1232 1682
2012 521
247 5688
7069 2694
6986 7336
6782 4708
3002 5610
4797 2242
2156 4798
1731 4016
8522 556
281 4499
6989 1812
7577 1020
907 2138
5196 975
163 5062
4305 530
3204 2607
4919 408
1949 2936
1211 5733
8508 794
1603 1038
3622 4737
7953 6974
1521 2249
3058 1443
39 2169
4281 8363
6729 4595
1911 6734
6875 87
452 93
4789 5434
7889 3409
1001 4777
8833 6811
7231 8585
8733 2431
2163 2490
3681 5226
2957 4657
3283 5542
1239 3586
3217 6619
183 5667
4899 2612
2645 3610
1106 3353
5426 7744
3119 456
2710 7356
2048 3202
1473 1596
3553 1624
2981 5707
2837 4126
5053 2507
3660 536
2774 8838
4987 3836
4388 5367
1495 2723
3177 7868
6805 1668
5707 5601
7050 8449
5258 4576
8380 6821
2065 584
2355 2744
656 8437
8575 4169
3452 2748
2469 7116
4301 2469
7276 2354
3515 434
7695 7950
8576 5808
5667 6016
758 4601
4649 8460
8694 2940
8568 293
8676 7444
1114 949
4223 1537
1689 1965
7555 5652
3555 2022
1962 6597
8203 8678
8605 2930
7712 6044
646 6385
1561 7180
8503 4458
4526 4688
6818 4865
4610 439
6688 5068
1112 4791
3171 4004
6037 3920
2382 5657
5753 1219
1171 3346
4418 3133
4577 4297
2729 7582
4121 356
1259 116
3997 5272
1793 3047
2114 3437
1101 742
5678 6789
8679 4937
3 7348
8680 8307
5835 4961
4943 848
635 5381
5386 185
4313 6388
555 4634
2495 2929
4219 2732
5951 8798
2848 4133
2336 3826
3161 5177
5027 2747
6564 5814
8210 6037
5998 1407
470 6212
4283 2591
1783 6863
6032 8038
5255 3521
6917 3896
4703 7196
1605 6647
3157 918
376 8571
4359 714
2935 612
3646 3528
8943 7247
4137 8
1470 7482
8788 5187
1391 4470
2533 953
735 6725
4275 3076
1491 654
207 6801
8514 4273
3057 6870
5696 7614
4493 7191
5050 8721
1993 1768
1901 7407
8519 3833
2382 1205
6969 2572
3765 1130
231 7891
5355 4888
4788 1410
1428 7607
3831 5498
78 3251
8286 5606
5324 7505
5322 2556
1193 777
4180 1795
4117 7368
3624 7761
5031 4434
2102 1771
4543 7446
1996 3270
1710 1096
2447 2035
6589 2654
4630 2683
2462 5292
2146 6377
1978 8704
1672 3275
1911 6760
663 6417
7329 937
476 3887
2594 1032
5238 4241
3838 5290
8311 4741
5176 2672
6005 2562
3098 1277
3391 1718
4461 1562
3900 7538
7824 7464
2921 7189
4388 5609
8900 1189
1344 5921
317 549
7022 91
486 4703
5018 6682
5719 4506
2589 4187
3572 1509
3288 3187
32 628
4552 6897
5351 1967
8503 663
3060 135
4296 6982
2264 1791
2415 3267
3277 4875
2489 2684
291 8068
1782 2858
1925 4275
1849 5594
5849 1802
5275 3619
7502 8346
2436 1921
1161 1575
736 4370
2532 8192
7383 7494
1218 2520
3516 3201
5598 2164
6870 8006
6886 5744
8627 3239
1015 4793
101 23
3705 4531
6176 5333
5615 7901
4922 7653
169 6624
6708 8357
1530 6628
7576 3994
5427 7286
5084 863
3345 520
4333 1486
9 5321
4002 2503
2373 7943
2557 8260
6566 2269
8163 8407
4035 8013
2317 2660
8029 3646
8544 5132
6345 6937
7926 4019
1896 5315
6604 6352
7331 5659
2629 4217
7711 8064
2069 3404
2901 2945
1284 4193
5631 8907
2945 5964
4841 30
4166 1425
7849 514
5409 3965
1586 850
2929 5675
4228 5112
6017 5822
3292 1635
4716 4915
6096 1705
1242 2399
37 6007
511 2659
1079 8298
8547 6729
6623 1527
6878 8380
3480 1091
3469 1026
4744 630
5291 4736
4349 6741
8643 2665
5078 7088
2339 924
6281 7826
3218 2746
8141 2572
2020 2646
2657 363
6780 4124
4148 2304
6194 4192
4644 3549
3027 6690
5050 4265
1081 2319
2796 5953
4295 740
8684 8973
3694 5452
417 6032
4771 6928
105 2698
3130 7611
6870 6929
1157 3860
8745 3922
4942 7556
5576 168
4823 2637
4776 4258
220 6641
8716 467
1764 2166
5242 7968
7797 7069
3809 6655
4874 3069
3065 2693
7434 1401
4605 1442
1527 2556
3720 6644
828 763
7621 7440
8169 2838
5597 7526
2151 3078
1503 6142
280 1430
4044 7585
8153 4545
4142 2395
7807 1902
3763 4161
4902 4648
8939 7529
6750 3386
390 3668
1820 5980
2403 15
3334 5683
1408 3186
5513 2834
2644 5777
2103 5193
5348 4248
6615 8071
726 3126
260 4168
654 6419
8470 7570
8634 6279
1348 6734
2220 3335
2300 1365
1593 1542
5123 1632
1452 3145
8435 4282
7426 3016
659 4314
5176 8462
4874 8738
5271 6546
631 5633
282 4805
3540 2903
4424 7434
3494 2518
6586 871
4989 3348
5047 1152
97 8224
5896 322
8339 5734
8319 4739
791 3447
4403 4404
4260 1631
3527 1324
3577 3603
7370 2886
5373 6672
2528 7798
2261 3324
2446 4883
857 162
8458 141
5450 7381
2909 4134
7415 1279
3725 7679
6152 5373
5948 8379
4925 4186
2426 690
3401 82
973 6905
1590 2486
373 8562
1246 477
4924 7638
8715 3215
1228 4729
2746 6492
5115 5117
1144 7558
3460 4932
927 6365
1350 4995
5042 2700
697 2446
1276 5798
2060 4001
758 1176
3802 8539
4030 2424
264 1742
2808 8227
1988 1954
43 7199
2433 3464
7557 5279
5136 4251
6446 4597
1228 8470
5029 2265
6411 2365
2960 1692
7717 3562
8502 1745
5476 5155
1114 2061
3663 7003
871 6406
3362 7467
764 1423
2240 2629
38 612
5941 8913
8566 7594
2841 5719
2603 707
642 8622
7191 3699
5138 1395
287 6011
892 4466
5542 3845
5807 5002
2440 7549
7964 1924
8196 8071
4534 7018
4407 5357
3502 2888
1060 3634
3305 2890
4208 5676
2318 1809
6241 1809
8117 5589
2131 3180
8372 8475
1837 2945
3714 5122
7087 1701
6426 2738
1852 4422
3831 2008
7695 4250
8219 1498
2504 8880
2438 3138
1130 4151
3461 5616
8480 7147
1990 8920
4163 4915
2512 2171
3640 670
684 6600
7128 4274
7523 3980
6043 4652
1748 4192
8846 4061
4574 7198
4647 5542
6678 1424
827 8652
7115 699
5893 6317
6450 2681
2634 6381
4512 5315
5023 8996
6548 6866
3405 3333
1661 8701
6332 68
1414 7558
8633 5090
8550 876
7613 6636
1732 7579
3097 2918
6448 4486
6223 6401
3774 4799
2769 7748
7551 297
1109 8327
2203 7103
3898 3890
2029 8159
676 3046
7740 5247
3519 6418
7074 2100
1849 266
3100 1834
5489 6733
4497 2380
8821 8908
4895 3574
8768 151
3144 325
6327 3234
1454 3548
1590 7974
1744 833
319 5489
5587 5192
4367 2184
2989 2166
4517 7664
1109 1453
8202 450
3215 5064
7484 7763
2903 4540
5734 2553
1575 4371
2848 4698
8206 928
3145 5376
367 5361
4976 6314
939 1866
263 4753
853 800
1727 3690
418 2712
1077 3353
3313 8013
3111 6224
5097 4730
8313 8463
1871 6152
6859 5350
4559 3548
2003 3994
2760 1851
591 467
8708 5235
8098 2047
308 2694
8892 4497
5573 6519
8974 5047
689 3951
2610 4121
3520 5973
279 6646
7449 8990
199 4966
4537 6649
7687 1365
5740 7029
7350 3845
7219 5584
4796 4521
4514 1578
5683 7199
7754 4029
7442 7081
6999 5430
1506 614
5580 1147
7188 1183
3740 1064
1928 1480
3429 1175
4661 3158
5415 2471
3124 7651
586 6228
6455 6596
843 3288
3856 5749
4058 8208
233 57
3601 726
6078 8112
3714 1270
5894 570
7177 6481
3573 1878
57 6546
377 6977
298 6170
5821 643
4852 8546
2139 3022
1814 1314
3328 7848
4246 6583
2698 57
8909 532
5572 6172
582 5130
666 4530
5119 6440
7931 7728
1150 6626
3709 2078
3065 3932
8195 5413
4709 6752
6644 7522
994 4159
5853 4394
1145 6957
5345 6882
1082 4803
656 3583
8093 1902
7652 4801
691 2674
4144 2615
5340 1712
7924 4689
7325 3789
3500 4556
4627 8662
3068 7858
5177 2492
8203 4218
3823 5955
435 4505
4690 7554
4552 5220
7567 6509
5007 5385
2267 1605
2703 5837
5078 7705
2794 2090
5486 2604
5967 111
5509 8441
4444 3971
6371 327
5874 2024
5092 8189
1382 4673
3833 2946
7808 8984
3237 8689
5756 6536
1083 5013
5360 6297
7472 5064
5397 991
1824 2547
3801 7465
2752 6978
8123 6736
1399 6077
8 5692
2407 4534
5762 1790
1678 7304
2454 1191
714 3138
2032 6172
8083 2657
2790 957
3913 344
4903 151
4737 5253
2063 1128
3205 773
5222 593
2805 4952
867 7662
2085 8040
590 1621
1756 4037
788 539
7980 2596
5226 8210
5032 4444
4342 4699
2620 2242
1297 2802
6755 5203
4742 1528
5399 4740
1859 5280
6588 1941
4462 2697
6101 5890
1162 1702
465 121
3142 8854
2234 8691
3684 8706
6232 1388
328 6925
6665 2800
8431 1602
1765 2933
2209 2236
5371 277
8751 808
3818 2516
7261 5636
4847 2488
6037 2520
8499 1611
3292 5449
1580 2437
1386 5657
6728 2546
1215 3327
3855 3880
3886 3732
1382 2854
6383 3895
658 1652
2354 2560
5364 4015
2038 852
269 4362
6269 7887
7831 7401
318 5529
3334 7299
7256 460
3996 8412
672 8352
4516 5932
4935 8144
5808 7105
3734 2025
1779 6910
2672 3034
507 7931
6137 4906
2454 645
843 7891
3648 96
8013 4599
90 8185
6123 4927
7049 790
4071 4932
1002 5578
5262 7975
539 1143
5745 7544
6546 6558
1804 4075
3290 6543
1479 1474
1240 6545
8809 2599
8039 992
3283 5053
328 6825
1547 867
5173 2858
557 4688
7691 246
4865 3767
8432 7107
2851 8942
1140 2663
2405 4534
5038 507
5930 2672
4727 8509
7004 5731
2065 7632
4170 1832
6339 7625
3246 6267
2795 3038
4112 4663
6765 7892
3 5697
112 987
1734 1260
3713 2195
8091 5493
6914 802
719 6491
4874 4350
8814 5685
7527 4294
8851 5373
5527 642
3782 7922
5662 7948
5493 2698
8631 6740
5342 5513
6318 6817
949 4678
4619 5646
762 5953
5192 5485
1086 4384
908 457
7160 5273
7666 2810
7031 5208
7854 2859
2059 8078
3865 6648
6503 1613
6241 5234
6529 3529
3806 5600
4229 8146
6339 1792
5891 6357
4148 6053
495 3172
3258 107
6638 5100
6517 7037
2470 4812
4725 300
7529 481
2480 5660
7608 3810
5403 5523
5486 7638
8100 720
1336 3405
3892 7122
1106 5741
1341 8180
4416 1028
671 8539
5143 1947
5515 460
4054 8851
3514 386
3253 5207
3056 6367
3591 6486
8580 1696
5630 4091
2410 366
6628 2976
4180 1084
318 3513
4760 7376
6074 3875
2719 2849
5614 2426
8278 1837
3971 5319
7773 690
1930 3432
1278 8559
2761 4090
2459 3600
1538 3653
2336 8040
785 4371
1071 2220
3316 5969
2439 3069
7545 3468
3444 1541
1071 6135
8927 985
474 1389
7117 4906
8159 5540
2169 8076
2983 5271
1067 5157
5540 3303
5571 8709
7112 5653
8307 3870
5221 1239
6968 8758
2835 4132
8473 5579
5496 3668
2761 1974
4048 1073
4499 4352
2483 6485
3688 567
7154 764
1784 8693
4191 5641
1674 1246
848 2355
4194 5866
5474 7858
2473 5620
2010 1941
3505 7523
2070 8663
766 911
5757 4136
499 5208
2767 4124
2058 4564
7689 2600
8458 1854
5916 3527
2172 1943
1480 5190
2944 3983
4957 1560
2461 3005
1666 801
4476 5374
8670 4830
1890 439
3737 981
8818 7789
7327 8020
5777 4327
5973 1799
2425 3505
5645 8451
3753 2167
3105 4337
8954 3929
8635 7719
5736 5850
4174 8379
35 5791
2122 7431
2534 4190
2791 8224
1326 4687
2843 3898
5032 8469
8007 2014
5633 5658
7415 1925
2105 17
8297 3925
5352 432
4014 3568
7949 4052
2231 4734
6236 210
3028 525
7917 1183
1818 1177
8435 3717
3236 3855
4584 5810
1799 1602
222 6211
5324 1472
7874 8799
4429 1647
4929 1768
3622 1341
1227 2755
4518 2204
2267 7430
4740 8569
4151 2482
1248 4609
8612 1400
5017 2227
8602 3687
3436 8711
2635 4295
3277 7277
4525 6126
3160 1648
4280 66
3225 2153
4268 4729
1880 4524
5255 8797
984 8773
1843 246
3449 6183
4369 1753
2093 3616
3608 3808
992 1877
1612 718
1182 6449
4337 7073
2574 2710
1709 5939
448 1893
3705 269
2583 670
5244 1715
5959 1619
1786 3640
2390 2430
1703 286
7645 2089
1460 3593
5600 4414
5064 1749
5202 4079
337 8459
3758 595
4451 5241
1584 4603
6571 6061
8267 8327
4390 8782
322 2074
2435 4443
5012 5149
792 5465
6281 3111
2036 5188
1763 5678
3195 32
4236 3181
2080 3647
8796 116
7962 7304
2541 8385
4678 3927
3820 6408
994 5331
1760 7375
7502 4193
7051 5249
5053 8377
3220 3321
4509 4827
1225 8201
6865 7864
3263 7907
4111 8428
7450 5739
8536 3139
4453 4657
4529 8350
7236 2442
1484 7715
56 1726
5679 8215
6447 4752
4547 2514
3826 3557
4441 1059
1479 6535
6631 6075
4204 3461
7141 970
6670 1110
1323 3191
6885 8296
273 3645
2474 1737
4692 7425
920 4879
2792 8401
4054 8062
5156 5872
6443 5547
4705 4111
1577 5482
4344 7214
8222 852
753 8906
8834 1641
35 4543
1231 4829
4646 2510
6898 7020
8591 4652
1758 3619
6370 4404
6493 2261
1248 5688
841 706
3845 7323
8706 6120
1742 1153
8484 473
7128 1719
360 4848
3135 1143
8431 3188
592 2321
627 1504
7328 2226
1739 2306
5865 6390
8177 5846
4061 5422
7775 4353
3036 3985
8338 3645
1643 8627
6672 1350
4417 2075
7099 5813
8652 3314
208 5414
3785 7207
4660 3622
732 7863
614 21
6007 3487
2370 6258
509 4884
6674 2232
7208 574
3649 1565
2123 3926
4494 6517
2628 3131
7424 6284
2590 2713
4498 2009
130 1413
4452 8737
8438 4447
3998 2442
4516 7374
5514 696
1756 1070
4176 729
2885 2618
6182 5024
3991 8315
387 405
8803 3470
1749 550
1755 3301
2674 841
5665 2640
5163 703
3778 2536
2859 177
389 905
7593 3473
3208 4552
790 5534
2839 4766
3206 1106
2520 404
362 989
4438 4373
8882 3883
4758 3359
391 7545
3253 5760
6411 763
3490 2776
8685 5000
1745 3535
4777 859
7487 1246
7805 7724
1406 3206
6984 6574
7830 5087
8701 286
3001 3327
4915 5432
4201 5175
1451 5282
78 374
4829 4513
857 2046
3773 6497
6881 4955
8052 8979
5012 7718
7285 2136
4617 8138
6675 4892
5767 544
6139 6419
2861 8668
4266 5601
5576 8024
311 3898
6305 2509
5773 6955
3299 8912
5139 2891
5713 7493
2887 7832
7091 3694
7439 6687
3335 8726
5666 2711
2602 831
4300 4207
8346 8261
3042 4006
5674 1256
5531 2798
7527 7467
78 6473
7582 1248
2150 8196
7271 8015
4832 1007
1051 6917
283 5363
169 603
2286 7665
2368 1668
6641 6067
445 4395
4975 4322
3776 8898
3707 4178
3694 5113
2499 7817
3576 7841
4796 2776
2761 156
966 4321
7821 2768
6928 4031
2207 5865
930 3215
6031 3547
1548 7722
142 6095
2498 4277
1384 3221
3888 1324
6258 663
1603 5074
7700 4001
4339 6839
5415 1073
2561 7529
8036 3877
3554 5831
893 8884
2015 4642
8779 2592
4927 5161
1615 5745
228 7004
563 1941
6810 3001
1751 6101
4321 4938
1789 828
8685 6268
4150 3313
3825 1897
4110 2444
2661 5066
8700 1038
4986 864
8114 3166
2264 4376
2637 1347
241 2340
4810 2987
1893 8192
7660 2066
2391 1692
2792 4848
7850 2984
2481 1211
5141 1599
1595 1326
1202 5091
6906 7943
6548 556
3297 3101
4577 121
2455 2187
7523 3707
3238 4487
8060 2146
508 4407
6678 3023
977 1218
5151 8267
753 1869
4139 4215
7825 3444
8748 4486
1839 8406
4443 3314
682 1027
6711 8082
486 1339
2816 1865
2382 2529
1865 3758
5277 2945
1953 6302
4085 5187
4140 7329
7857 4790
868 6694
2580 3943
7248 150
4018 2865
6576 2508
4696 165
5299 320
314 1079
4007 3661
4324 5774
8273 6436
706 2193
1586 53
4354 6807
8072 3898
7548 4084
4625 272
5779 5874
5690 8908
8299 2691
6634 7980
5658 8763
4300 177
5505 8535
7963 8346
5294 6232
4212 407
2027 51
7734 4173
5579 3352
2266 5127
2909 1085
3085 125
607 6303
2795 7876
5777 5039
8895 4152
8855 8976
5076 110
2435 6337
5173 1707
5132 6565
8696 5174
6851 2450
7192 5218
4433 8696
3585 1804
1023 279
7018 769
1573 5807
2840 184
425 5433
145 7059
2490 616
3323 836
5576 350
4083 1848
5015 4350
690 3316
1178 3478
3835 3667
3009 4509
4786 1469
5494 5699
3660 4747
2033 5914
605 8349
2063 3001
1272 8522
5923 5132
6721 1609
2525 5648
817 3540
873 3008
8578 2600
1244 1165
689 8775
8503 566
3483 823
4329 1355
357 6903
5355 4727
7851 285
669 3831
3480 905
2787 7741
7785 2332
4185 2495
4070 8718
2258 310
1675 7299
3046 8726
4602 181
258 8865
1770 7963
5515 7102
2467 2200
5236 3277
7909 8610
5181 3402
3300 5222
3194 3458
6485 7702
6430 5300
4250 6535
3976 7055
5916 7672
4802 1264
1802 4699
3912 2366
6916 4336
1149 6216
4563 3481
3492 2635
1833 2742
395 5980
6287 4479
1377 8137
3458 3389
1351 4098
2562 7613
1937 1271
8696 7750
8539 6157
4823 8496
8643 7184
3783 318
3477 3722
4703 8968
5120 5827
2846 5960
2944 4249
2233 5335
7970 3771
3169 3306
6620 481
110 6576
4344 4998
5656 4593
576 5184
6622 1749
4399 5839
3446 6758
5276 6467
1036 617
3999 8877
5060 5469
4890 6685
6887 8707
476 5424
5091 1984
4167 2822
4059 5183
2330 1380
1541 776
4284 6350
6741 179
3009 1090
4442 8715
7615 209
5527 3311
940 8917
3467 244
2115 8306
858 662
2684 6022
7959 831
39 6366
412 18
2552 180
4630 1985
8887 5559
2776 3706
4403 114
2433 6375
2870 4120
5065 6051
2508 8200
1085 476
3208 7027
307 2702
8468 3763
7816 1087
7039 1481
4107 3214
756 601
1036 1760
1144 1056
7022 4643
1714 2776
5675 1820
6870 838
2793 4591
2098 1982
2906 5048
783 7738
4811 6229
6570 5934
2487 7781
3224 3188
6263 5123
918 2892
222 4212
314 494
7298 232
7911 3250
3001 3834
8699 7567
4210 5595
3970 2301
43 4415
2217 5710
5515 3196
7442 4615
4183 3469
7981 4658
3866 5826
7659 8804
2640 7703
2313 1027
1879 1915
112 3986
795 950
2728 5748
282 120
6504 8985
815 1279
5867 7786
7295 2587
1735 3628
6817 3813
1109 3380
4963 2222
4437 7399
233 6163
7354 1048
4477 8768
814 4981
3 1032
7425 4368
8300 5611
2114 3116
1174 5060
2231 5677
1013 438
8998 612
4108 1648
8476 1311
1413 6987
1696 144
5728 1569
7685 6934
1368 2639
2750 4709
1339 3183
7597 6994
3833 4150
5524 6907
3726 1560
5687 3050
4563 7032
5228 3259
915 5843
718 25
4449 2638
2156 8783
2001 1787
880 3499
8056 5611
4172 4809
8417 600
8960 5581
1479 1985
2166 1998
5552 7790
8443 546
5135 8331
8938 6553
371 8900
1487 246
2384 6912
2360 5029
1191 2657
6855 254
8049 2274
5219 995
978 5655
3130 1708
650 2869
2544 5008
1826 2732
2200 3827
3752 8315
6877 2675
2731 8907
2477 3273
36 8030
5977 1362
4776 2004
4862 4114
546 1392
1218 7821
4654 2651
3808 5183
7980 8654
2001 1488
1173 6786
5667 8946
5065 4251
5687 1358
675 3941
7668 3493
136 773
4281 1114
6657 6882
5787 195
2929 8875
3457 1763
7624 173
5150 3850
5237 7616
739 1758
6596 3823
2369 2573
4030 4628
7006 1294
8100 5764
4332 4514
1041 2212
7564 2755
5179 3163
4826 1927
3863 3192
5214 1104
6332 3707
4461 2812
7928 2931
5963 2818
3579 3120
8606 4869
8543 8273
8080 2081
2136 7849
5503 1906
8807 2141
4775 7980
8236 5796
5130 1095
7286 508
2991 1592
139 643
1151 4945
5557 4784
4089 4532
4289 4189
3901 5453
4704 7315
2255 5308
1066 4896
5982 3624
4260 2692
6991 4522
4682 6654
6716 527
629 8829
5129 2551
3469 3624
1369 6547
961 5990
4999 7797
2067 163
2344 3519
7184 4734
5459 8823
8402 1192
6380 524
4135 1953
1667 6207
4825 776
6250 6212
3837 7593
4564 3749
229 8526
8430 2777
8780 1861
7857 6239
146 1707
205 3729
2183 4220
4237 5515
2710 2788
2321 8281
6901 3004
3368 3092
2078 6857
720 5585
6421 4589
7332 3598
7569 4735
7462 217
8305 2137
4870 842
3041 3356
3852 3686
410 5852
7197 1282
7677 2679
8555 6505
1472 2564
8144 864
405 7997
5001 5909
7463 5074
7425 1681
3853 2587
593 7403
5776 6908
2848 3536
5737 14
747 153
5457 583
6582 3681
5373 8284
8683 5547
6502 6514
3080 4222
1700 2895
1615 3481
4569 3633
1218 5287
4306 7328
2472 6941
5381 4477
7108 1570
6938 8264
8047 4172
4496 2002
289 4765
1221 5653
5795 4915
6796 1270
6446 3796
6037 8182
3246 4704
1632 4558
3257 4595
6806 7012
4890 2379
4320 1829
2197 72
8181 1601
947 6985
5661 4051
7533 410
8600 2068
1154 7287
7511 3049
8178 7198
4544 8171
436 3609
1419 8109
3181 6747
6686 6896
4976 693
5990 1755
7647 7874
4722 5434
6929 7411
671 2846
2522 7848
5509 7243
5735 1815
976 2099
2711 7519
5983 7357
7136 8909
4856 2302
8905 5062
5079 749
2062 20
5792 7215
7658 769
3508 5020
1664 6340
5679 5554
6765 3579
371 461
7108 2321
4794 7267
3868 6360
5487 3003
8084 6880
7770 2939
265 1273
204 6646
3381 2149
2181 1371
6255 8804
5812 7322
4891 232
8783 5161
2348 6035
4714 1696
4037 6495
276 3553
4801 7269
1411 6797
3535 6675
8378 1524
8771 1366
6405 1097
5922 6431
255 8933
3960 3507
3497 3616
2421 2921
6828 5269
8541 1702
5370 5166
2587 7350
3394 1741
2903 7269
7552 3456
5753 8943
3247 1076
5114 2423
1264 4931
6679 360
1386 6650
5461 1022
8139 2231
2155 3378
2892 7700
4535 104
6492 2248
971 7520
4272 4527
5155 6492
7929 4843
1840 2685
1178 3766
4809 8516
7443 8975
221 4306
966 3483
3696 1353
8013 5607
4420 5701
8571 1904
5423 7021
4222 5389
7335 6681
3395 2512
5248 6258
4448 1587
1266 4335
6566 8100
8612 3668
3648 3196
2892 1722
8370 3075
1387 4963
981 5400
7491 801
3130 6543
5522 1129
729 3463
3659 3721
6858 5347
3584 2822
7156 4001
8092 7707
577 1533
5486 5756
537 4988
7464 6718
2249 8202
5657 4884
1760 5658
4017 6570
4468 4558
4026 1510
2396 8424
5148 7518
3020 6768
501 2514
4900 217
2570 2650
3984 8871
4997 6224
3503 4162
259 5470
1803 2489
7231 2518
2906 4784
4562 1493
3070 6540
1422 234
7225 3222
1538 8081
3743 944
6673 7739
890 3411
7383 2371
7903 5213
1110 5470
8244 1248
3027 5068
3488 5076
3163 8343
8928 7862
2767 2598
1852 3161
3375 2864
6439 5283
5076 6834
5942 2853
2680 2532
7505 2045
1350 7753
6013 5313
87 4914
7819 2552
122 4939
5138 6160
8822 3589
7385 2705
6816 7069
5686 1001
8829 7805
2570 5699
1255 2341
1543 168
3537 752
1925 1136
6415 1259
6224 4399
6793 3626
8249 5037
3859 8919
4801 1663
735 7872
3435 8914
8276 1893
8658 6627
4069 3397
615 4289
3615 4581
7750 4366
8051 5552
6361 8782
3934 6581
8146 396
8838 3793
3578 4127
5624 8979
8625 963
143 7561
5953 8067
4422 5661
5220 1172
2663 8370
1924 5462
5020 8399
5543 5995
7425 255
5684 2886
6545 4771
2506 4950
8829 7813
3856 8340
5262 550
2905 3553
5724 7106
8782 6002
530 264
670 3555
3181 2129
305 1454
7640 4802
8051 7593
8360 2947
574 527
2331 8531
5211 2925
6786 5053
2760 7799
1207 951
5029 7597
596 6031
5740 7949
8425 1498
3087 3970
1464 2461
3429 1856
4492 3699
53 7488
804 688
4839 5382
6654 2826
2699 1391
783 5399
2164 7706
6804 792
2908 7922
6183 3541
6046 4388
1255 4302
5435 6800
3971 3136
156 5586
5323 3726
1373 4705
3637 4437
6246 4632
1730 6743
2632 768
8382 8538
1381 5097
8604 4632
2517 8720
704 6103
3270 3310
213 3559
8680 382
7803 6128
6988 5165
3459 2222
1417 3378
2943 4349
3129 852
388 7307
8142 5691
2597 534
5074 1900
1905 3283
8045 75
8154 4664
1676 3801
1652 1612
8183 2539
8369 140
5517 8295
4989 1803
295 1331
1309 2594
6597 5694
7712 5109
1117 4503
4927 5873
7177 750
599 7336
154 1669
5092 4505
8752 5387
5154 4196
8206 2224
2963 2225
5494 8606
1773 5012
5252 5288
1018 8
8893 5232
2556 2909
8427 5799
8413 1625
3331 3262
4955 1377
5160 8280
839 2657
1237 1907
570 3786
8373 8226
6402 6156
29 5577
4464 8267
7963 3349
7320 6577
3420 6518
826 4592
150 1759
7406 4714
6095 4117
1702 2395
6344 2507
2100 1527
912 6962
1533 356
2522 3384
3200 7574
4968 4018
7504 2195
1207 3672
4409 2720
444 2493
6049 1869
3077 514
431 1997
5817 379
8512 1586
8635 4715
7360 4059
1217 4855
661 4237
3432 2882
4528 7533
7793 1064
1315 5121
5005 646
8509 6647
1126 915
2808 4765
3012 5295
4622 6322
248 842
4003 8991
585 8634
2079 8284
1392 1093
2515 7424
8160 1488
1205 5492
759 4472
3585 6774
6367 8153
1410 6634
7161 8595
2279 3249
369 2947
2371 58
2602 3932
452 8168
4872 8550
3574 2226
8687 2361
6045 8025
3273 8473
8358 3528
6568 8810
1907 8087
87 5315
5339 1722
8453 2727
7246 3361
6629 697
437 8646
5393 2917
2870 7957
141 6992
8341 6301
2040 4394
4002 3172
4270 2691
4134 4365
6915 4092
4505 921
168 2353
1712 3399
34 1693
7154 7258
3759 3168
5302 294
1541 4169
2545 5627
5754 8999
2462 4321
2241 2443
61 3784
4647 4489
5669 6375
624 1742
5865 2762
8250 7029
5641 228
8897 3451
2197 1527
7006 3890
5616 5002
5129 7655
153 5095
5158 2183
928 4461
2275 7022
3395 8868
4542 488
1571 1798
1446 4393
3392 3970
4990 4973
905 4284
101 8820
773 1833
2207 3294
7054 215
415 4219
2135 6515
3507 7204
6481 4253
6189 7859
470 6850
3331 152
1972 7652
8482 5677
1432 2812
4892 7896
5100 6029
7150 146
703 3390
4438 1033
7739 8477
3418 6251
5321 624
3588 7851
3441 4327
7239 2667
4262 8186
597 369
3963 2789
3497 2504
7083 4045
2351 71
6737 6812
6949 2415
7486 6465
10 8320
7350 7347
8678 7883
4487 16
5708 3604
5664 1302
1109 3327
6186 287
1002 2119
6495 310
7695 3790
979 7080
7736 7858
5236 4369
4226 7604
4776 7187
7824 3438
4462 4035
2373 2259
8397 7392
3060 234
7969 4002
2013 1943
544 6046
3373 263
3193 879
3623 4629
3665 2428
487 614
562 6177
3709 2198
5645 5580
3481 7942
8004 1827
7921 8769
8439 7027
5216 6168
6384 6616
219 7637
5199 7056
1264 4529
4922 151
1859 6607
2759 6236
143 6657
5652 6848
4577 1969
5588 6885
210 8377
4076 3193
5847 1597
4906 4253
3684 4485
2006 7518
5873 6118
5485 5482
736 3173
91 1091
4888 1556
1789 343
8619 717
8625 1672
4406 6211
8318 4847
1760 6604
4868 7962
6080 4001
3755 1017
5867 1289
2657 8725
2723 347
4406 2022
576 4374
1631 7341
6609 2329
813 1774
8125 3782
5669 3547
6128 6686
4613 5682
2475 4984
2338 6813
5088 6825
7307 8019
5681 1839
2340 5425
757 5912
1196 2848
4327 7539
6993 3583
7574 3577
498 6798
846 447
7114 3906
2559 2867
5043 5151
2955 2919
2605 4577
6189 7160
5867 5230
5279 8390
866 7250
892 5823
8949 4807
3879 3445
3004 8430
2149 8788
1414 645
4389 1301
716 4946
1873 4408
8499 941
2920 5804
1610 1301
144 1091
4531 1700
2614 2264
1616 7548
2991 629
603 834
3259 1946
1358 4786
3337 7982
911 6416
3338 4194
188 3466
8623 1442
2150 4691
4569 4192
1754 952
2079 4828
1921 4950
5945 6648
6767 4242
7762 2149
503 7278
5380 2444
1350 4291
3127 4326
8642 334
2282 1751
6583 7952
5576 603
8344 531
1725 675
4621 1905
1258 230
612 5017
6571 2671
4485 6310
4838 581
6905 2110
6525 5592
7875 2494
4300 2860
8309 1557
2368 8113
2669 3609
7033 5012
2229 7057
5421 3856
5369 2475
4783 4895
454 8123
2431 5153
5709 2646
4979 8085
2069 962
6993 1997
1807 1950
6070 4373
1172 3250
4012 2630
6596 7004
8317 4874
465 4394
4867 3077
1318 2592
4207 6953
1608 3720
2940 2662
6372 627
7207 3775
7385 3767
1390 1541
4644 2188
7406 3104
8488 5057
3598 1462
4855 2794
4491 5207
525 1051
689 4006
5259 2663
5673 5803
5322 8596
4176 8239
7244 4946
2392 1782
2128 440
6689 5151
307 4044
7159 8366
6355 4457
4116 5303
5782 7929
2853 2690
3254 7630
1907 3861
4996 3639
4258 1465
4971 2105
6786 3888
6404 1447
7178 7402
8082 2940
5947 2311
4299 7995
4706 2635
1474 7906
3928 5698
6154 8398
306 1189
5002 1554
3102 8007
868 948
3763 6925
2674 6619
3180 2608
4268 2765
1452 7418
1771 1825
2742 3925
3845 1097
2694 1689
3859 5888
8619 1787
5866 2377
4083 3002
7608 3820
5556 5104
8707 5252
3407 4962
6441 1868
3393 5605
412 2726
3538 5659
540 6819
3201 2024
767 6067
4707 2637
3289 1645
5581 4237
4498 3803
8594 48
62 5528
5178 7745
8024 5694
2655 3721
5121 3935
4378 5187
4756 7677
8244 7093
1120 818
7830 3721
7821 2103
23 4973
2734 6349
8009 7856
5167 4825
3848 8635
7832 8955
3488 3462
8042 8474
7785 6985
8053 1941
8869 104
3823 1512
55 2887
74 1031
1564 4648
471 4465
291 4263
6439 1072
3717 2279
686 7696
6319 1171
8091 853
4455 2039
8827 1302
2728 7865
4463 3509
5384 4107
6407 3625
5605 2849
887 5145
8630 2065
6146 1746
7353 132
676 354
6998 528
526 3789
7870 435
530 1315
7831 6317
3532 5570
8126 7518
3907 5719
6888 7569
3506 6991
8307 573
2345 459
5679 5304
3786 5044
4128 7724
1650 4969
3337 5430
4618 8682
5375 1253
6754 3400
5563 3598
8569 543
1609 6350
8749 1412
534 1646
4862 4816
4154 8136
2769 3859
1756 2208
2218 8600
2092 1921
2370 2263
4499 2784
8993 1112
6084 3940
4393 4735
102 3303
8568 3245
6777 4480
3956 8574
125 6524
170 5558
8685 395
4329 3782
8039 5083
2465 3268
905 8394
2992 4306
7601 7474
714 7163
3084 4556
3598 5028
4769 6313
4644 2990
3037 5718
4145 5501
97 3515
6593 4160
7915 5851
1297 1431
6080 5596
6529 969
2345 1148
4871 236
3763 8399
4044 8852
7662 8263
267 6164
80 7647
3887 3222
121 5580
2179 8989
1593 3832
3456 3175
627 2554
5318 5979
7368 7789
2017 3371
3499 7288
8365 1606
8919 4646
5076 5660
7536 1248
2822 2599
4948 4704
8799 5321
2583 6174
706 8459
5573 2773
8459 2587
4360 863
1099 4099
4207 653
2392 3439
625 3144
1994 1993
123 5173
8369 131
5701 4399
7693 2488
2695 7362
1767 2112
8381 6471
845 4860
21 8833
5549 6758
2373 5114
8851 8042
5465 8477
6101 3807
7295 8977
5442 1506
5325 7947
6221 7821
2504 5173
4341 3032
43 3769
3783 1409
1682 2109
2411 6463
5198 4510
8438 1555
4505 3877
2622 7446
2743 8487
4136 6835
1850 183
8889 157
7576 876
262 2919
2541 8286
4586 6723
821 581
3469 4488
2643 1284
4145 8160
4809 2046
8294 8350
3755 7337
6747 2046
8085 7497
211 6995
5418 4183
8991 4721
3021 3318
414 2715
651 2090
1096 8119
2028 3279
7000 7596
7627 3191
4988 8061
98 6468
6945 7134
6644 4789
5973 4974
3862 3021
3176 3083
2074 88
4094 5278
7240 4064
6785 6779
7361 4288
1865 9
6800 975
5754 5192
2965 980
2445 1070
6757 1510
8393 1615
3902 7007
756 7814
7046 5685
8449 2673
3749 8508
3205 8170
23 7394
5340 5558
1653 8785
827 1846
1154 3222
222 1143
4193 1086
3968 8462
6779 5332
6768 7146
752 1702
8410 8283
3103 8421
1375 5484
2677 7876
7081 4531
8650 554
6948 750
2809 4517
6703 4856
6566 5561
2080 7716
1508 2246
3904 4676
5708 7391
3802 3355
1764 3534
8254 3886
6414 4111
7628 1296
130 2868
4830 2188
1779 3743
6065 8157
545 1464
2253 2677
202 1836
2976 3975
4593 6381
8298 4589
2356 1327
5568 1502
1584 1741
4163 3989
1440 4520
2102 4936
1722 6700
7685 4718
4920 3493
8230 991
5202 5384
140 8242
5692 1310
1701 1997
7462 3211
3402 7213
2699 5173
782 5355
7943 4119
941 3825
1225 3268
1894 6941
5645 4572
3145 191
5104 8852
7980 2137
1706 2387
115 6053
4803 2674
318 1017
6129 4451
1799 2193
3177 6576
7485 4489
1682 3904
1824 8855
2357 430
4942 206
300 5596
3702 1274
1658 4591
2679 455
3511 6903
4002 1620
3327 464
4562 5806
2541 2384
3450 863
8636 5373
1222 2322
8320 6085
276 2652
3496 2304
4313 8507
4437 5025
1571 2820
4144 4773
2322 4316
7333 3786
1393 3308
7999 1522
3302 1814
6175 5203
5021 1729
4356 8767
2710 6338
1037 6863
8802 1036
5276 2437
4046 528
1610 3032
3048 6609
3447 5629
1679 7663
6122 4075
1834 4201
5203 2426
3187 6205
611 2057
5078 8656
7850 1964
664 6813
7034 791
426 4168
3606 4649
5392 4696
3601 2267
4695 6735
121 4486
7481 1559
5321 1192
2974 2437
3921 1742
3874 7143
4407 7024
8465 4078
1841 3673
5426 4845
7833 3787
4966 2174
872 3294
2766 4947
6513 5828
2356 1359
1120 670
3817 633
320 6587
1557 4108
5519 4680
1792 7234
3256 6582
7031 5637
4244 4136
977 3689
1077 5461
3455 6449
8992 5096
3273 7062
7172 1341
662 6166
474 4623
3486 7454
2025 5326
2816 6621
7764 4564
721 7617
1382 2914
3970 498
8014 8612
489 273
4173 4691
7352 2244
1388 4321
6967 4384
3675 8123
5971 1943
6914 12
7362 7907
2539 8587
5520 5188
1307 4311
3072 870
116 2928
4507 4965
986 687
1922 8732
1303 3711
7098 2832
912 8882
3599 4712
1091 1927
6690 5886
1107 2091
4385 5437
223 2277
1726 6001
4399 2230
4250 7898
7707 1334
7344 4692
2124 8193
4297 1613
6108 2066
598 1604
898 5853
948 1881
1151 6891
7340 8287
680 7688
7244 8327
328 8079
3204 8304
8449 1306
6354 2326
2164 5748
4351 8425
420 4713
6453 8145
6571 86
7994 2313
7010 725
181 8983
7763 7762
4078 5058
2274 4146
8796 6122
7075 4439
4241 2295
8882 4975
4487 4868
7994 6782
886 5727
965 4918
6150 2565
1254 3924
6427 4841
5271 820
4393 5533
5023 5617
3128 5232
5382 2678
5170 2273
7069 240
6649 1691
2251 6885
6866 3018
4054 7109
2795 3684
3287 1225
1917 3939
981 1202
3112 409
224 6688
2954 3395
5792 4844
4131 5107
2182 8702
5388 6456
1129 4806
798 2092
1791 7764
2284 2405
55 6169
129 2184
3042 8608
4502 6229
4098 61
7405 4017
16 3936
6290 3509
5312 1297
4149 106
5570 2965
425 4256
4747 6447
3600 4023
2121 6441
124 926
5620 4047
1814 4817
6934 4251
1156 898
6005 6944
5628 8504
1697 3685
7001 317
6055 8280
6708 667
6427 1458
7866 733
7286 4403
8343 380
552 5899
5577 2957
8887 7274
7866 2773
906 8194
3870 1593
7260 4691
6738 7059
3706 5737
5402 8767
5139 4035
426 1758
6706 5435
6297 8432
8337 5098
1388 1488
2605 812
7256 5596
1650 4581
1299 7562
3653 5339
1291 7074
2659 4458
1762 2670
2101 2807
5237 4494
5529 7990
1193 306
2211 1618
4154 4633
1753 8132
315 3419
3234 1294
1651 3667
5335 5883
613 1600
4448 3290
1996 2839
1150 5050
5399 8018
4234 1326
4066 2638
3338 1064
3743 1312
8854 7011
3242 2294
262 6059
2797 1810
4347 6014
4770 6053
69 1841
2752 199
6094 2845
6271 7229
8062 728
1999 5247
245 5368
1769 2031
912 1934
3951 8903
5319 6294
8659 2544
6913 7844
4472 6599
8787 5274
7333 3302
4090 6423
8239 496
7391 7980
3078 5117
8618 8042
4626 2755
4985 4373
1744 2234
4102 8557
2186 2610
8547 2828
400 4678
5130 3975
4478 3374
3009 4053
3734 2254
7469 213
3633 1555
4368 4703
6279 1692
8567 7357
8281 5099
8194 8927
8349 2497
7339 7920
7660 8099
6854 3634
6420 558
3577 7053
6241 3796
3967 6366
2553 2111
2516 5269
