500 500
438 26
490 1
268 132
202 64
380 286
318 133
487 357
185 246
1 357
181 179
333 370
491 262
475 301
299 21
93 497
11 166
372 452
191 170
52 201
475 133
233 385
60 334
267 116
236 263
265 12
454 26
238 262
69 474
458 477
457 445
163 358
28 275
216 210
246 155
407 83
328 110
251 172
296 311
92 218
265 121
393 64
440 43
433 208
468 489
24 234
26 85
357 170
132 97
8 320
400 68
452 38
486 19
24 497
301 423
464 40
419 239
466 465
128 103
467 41
165 96
340 110
471 449
342 106
129 54
29 44
279 380
169 302
25 296
118 379
443 105
5 438
67 345
442 58
31 36
140 427
248 349
53 106
69 447
496 487
431 99
232 486
353 458
342 214
221 86
414 257
233 231
453 169
255 149
127 350
305 380
10 189
199 415
372 281
421 426
8 408
395 485
233 9
244 54
421 241
179 242
194 196
312 88
458 217
466 164
338 83
302 130
411 432
270 493
240 122
14 169
494 375
416 101
9 373
432 57
305 250
10 325
195 14
52 393
485 174
391 330
188 107
499 156
33 145
221 375
45 149
353 30
29 62
380 76
366 87
418 61
241 425
150 166
173 301
15 47
439 331
104 381
483 29
97 292
249 477
43 439
119 189
434 472
129 104
389 317
146 454
123 410
172 182
138 187
144 102
453 189
398 138
286 500
345 307
57 136
381 242
58 116
416 486
366 420
468 446
176 230
142 326
460 478
192 246
379 138
212 467
181 357
27 312
192 27
48 328
348 10
363 150
77 224
472 201
458 123
282 493
259 250
122 289
70 111
398 333
399 423
246 170
318 113
25 34
353 462
136 431
472 109
87 446
373 451
237 66
453 290
305 365
440 310
100 268
118 429
158 352
111 201
316 460
112 481
479 273
1 413
140 209
457 1
478 279
86 469
225 435
253 28
96 341
44 88
312 237
77 290
72 206
397 210
292 32
462 153
29 299
430 257
295 373
476 470
65 126
91 225
45 453
246 123
142 176
218 32
94 494
93 464
499 236
279 272
390 439
384 161
429 88
405 23
304 290
230 408
139 241
448 27
148 327
174 411
203 281
198 328
285 62
385 78
340 354
347 462
367 93
8 423
239 371
87 140
140 139
369 212
330 11
476 7
197 6
358 242
174 31
252 359
211 169
183 468
365 455
316 34
183 242
69 187
489 128
158 403
295 304
191 194
374 491
338 78
247 413
418 69
164 216
106 363
136 488
115 128
427 340
27 12
57 200
96 92
22 440
170 188
7 468
479 172
304 398
55 341
4 53
140 481
161 115
271 125
237 193
148 22
237 412
204 419
492 72
448 234
96 430
332 222
212 67
284 191
442 88
186 380
406 202
233 187
387 288
369 226
66 314
444 96
332 92
247 314
187 397
248 453
415 209
432 250
220 85
394 133
397 156
167 181
253 2
86 112
113 203
270 167
305 466
121 74
56 16
263 170
207 183
220 195
272 102
380 461
387 113
131 1
245 253
304 427
365 17
358 327
185 60
40 69
112 398
298 164
472 229
45 380
415 231
338 462
177 78
340 193
472 233
415 254
440 12
227 487
407 399
38 2
126 2
316 386
337 158
126 373
495 447
115 99
431 66
353 119
373 122
420 95
479 288
273 19
284 41
111 197
391 492
52 485
113 52
263 91
176 337
159 263
176 478
91 490
428 287
240 396
177 357
466 159
453 224
265 194
350 268
251 314
148 161
410 117
346 348
304 181
217 431
192 133
26 82
186 300
480 435
85 65
251 484
48 293
299 129
75 252
323 172
402 390
284 8
399 239
32 435
19 373
13 7
400 374
391 293
169 7
470 385
433 120
464 168
345 287
24 250
319 35
369 206
359 467
18 384
473 169
100 446
401 81
407 343
290 205
268 123
204 183
337 91
439 139
396 271
422 320
382 140
218 5
272 390
86 300
211 147
2 438
60 481
451 127
61 219
486 90
56 472
160 32
223 172
260 4
180 488
133 487
291 264
156 113
140 454
145 21
137 74
43 473
172 43
73 400
203 453
272 159
307 380
392 439
259 33
343 327
416 220
9 330
45 466
385 464
495 481
149 276
222 218
55 3
359 223
176 103
50 452
91 142
85 162
92 442
69 334
268 370
98 320
95 192
22 238
337 449
331 496
389 165
155 336
215 46
220 189
310 172
111 359
144 203
20 52
74 213
104 46
322 332
321 397
356 55
171 354
221 476
130 328
428 141
444 449
90 14
287 53
394 301
78 68
190 262
239 178
214 331
