600 600
292 272
438 555
425 164
537 439
592 334
386 336
27 295
98 542
486 17
489 127
552 102
327 579
413 496
503 452
29 191
94 9
84 61
422 468
67 6
478 122
74 313
469 571
45 33
387 420
346 314
133 251
267 463
244 333
246 350
5 414
289 81
238 102
483 154
257 545
31 330
264 573
9 599
391 380
468 239
559 90
132 306
122 79
195 186
312 210
96 128
588 486
15 297
279 445
523 461
523 106
228 505
399 24
220 382
243 127
434 558
123 371
251 136
251 87
433 146
588 213
501 290
570 206
501 62
399 306
161 343
415 237
404 21
426 374
510 574
346 357
267 521
96 443
584 208
515 255
31 98
437 81
422 447
441 471
462 594
266 597
266 547
320 515
415 547
396 491
128 173
171 265
85 179
414 105
269 94
438 266
139 198
133 3
391 325
466 496
378 474
160 251
514 44
146 580
546 314
360 589
469 448
170 188
97 322
16 516
213 166
197 222
460 277
446 49
171 190
469 102
570 407
482 374
377 600
165 416
303 295
452 191
234 2
15 370
597 447
244 259
418 188
442 29
264 254
86 508
356 184
36 458
355 429
61 420
104 447
300 331
335 122
508 76
405 323
589 516
591 70
553 35
352 157
582 463
314 543
521 321
33 336
32 405
577 141
518 324
247 155
192 152
527 88
187 361
167 35
398 427
286 20
294 50
62 591
12 372
287 246
483 237
242 195
181 121
585 157
124 116
510 295
526 581
484 177
223 561
57 235
305 353
72 169
497 93
156 283
130 197
239 127
228 48
413 508
131 273
384 427
407 162
102 596
31 209
389 383
15 36
492 166
407 91
293 425
359 222
491 301
334 169
123 185
332 386
571 17
209 46
448 491
109 41
576 156
497 406
389 105
479 1
459 310
286 232
585 371
234 171
74 117
429 91
104 160
265 259
564 584
538 526
46 81
484 168
540 443
597 329
518 41
471 559
286 489
512 162
562 21
43 104
543 321
114 278
278 451
273 450
38 564
202 167
538 408
529 283
551 523
106 531
561 95
128 217
589 123
447 525
174 524
586 135
264 55
218 19
294 331
255 473
594 585
104 166
179 22
560 471
295 148
147 83
552 570
556 508
590 375
35 289
369 435
447 388
100 186
318 148
166 445
118 588
408 424
97 254
587 309
386 227
164 213
398 203
187 346
65 557
542 243
562 121
532 75
6 580
383 124
118 278
308 348
104 469
90 427
437 208
183 258
168 75
69 588
371 181
205 235
230 221
230 145
226 52
129 203
290 295
330 60
175 131
27 575
98 248
15 524
16 469
465 216
152 33
308 468
313 420
98 509
344 226
191 417
151 434
312 277
558 46
200 252
327 243
169 303
484 354
369 227
364 256
573 235
600 339
164 495
387 272
107 202
532 103
580 227
222 93
591 254
100 366
542 302
192 455
37 283
149 388
488 84
293 547
283 36
134 490
598 336
211 361
475 41
583 490
282 516
23 256
302 376
396 518
600 453
398 457
562 401
330 38
463 285
366 324
441 449
55 7
152 587
468 385
221 429
469 140
239 337
150 589
36 270
160 365
468 306
320 141
56 419
88 322
128 53
298 186
220 535
301 142
397 131
302 458
137 399
279 126
523 312
419 133
360 422
172 518
314 191
557 596
196 371
556 573
300 56
542 129
562 291
276 543
130 450
486 70
144 533
316 223
416 23
564 2
435 546
478 303
495 266
558 512
255 192
422 177
575 222
482 376
57 44
584 351
519 279
419 166
6 499
360 558
280 585
221 507
361 551
436 188
546 220
105 400
540 275
91 95
479 313
274 199
484 188
189 274
524 323
379 60
539 497
335 348
311 5
307 296
313 550
439 98
95 137
140 578
421 284
167 257
80 499
433 320
482 252
437 40
543 82
428 374
149 97
194 331
15 486
212 271
506 435
416 18
121 203
45 521
456 15
569 82
11 39
225 118
154 390
35 328
335 259
504 507
284 595
359 463
266 111
29 410
115 200
340 408
469 597
233 256
525 223
325 496
552 321
195 222
510 96
549 115
190 277
392 149
393 430
376 106
131 164
382 131
461 550
600 476
219 147
255 180
421 178
381 259
378 108
37 71
477 42
389 303
268 407
4 276
315 77
515 159
300 214
272 280
500 522
367 469
38 44
220 270
487 504
88 479
337 104
301 288
327 368
94 426
251 586
534 45
82 272
388 72
354 373
515 414
120 558
78 282
195 4
594 503
289 577
23 515
235 39
288 476
266 501
599 339
312 376
577 468
493 449
590 197
428 153
577 555
494 123
79 427
525 421
490 288
294 303
577 108
185 19
121 468
349 298
353 342
192 476
235 13
573 140
554 320
15 249
322 539
64 337
564 105
290 526
275 241
248 37
378 273
233 15
7 491
390 597
332 469
453 437
520 189
574 260
289 101
241 598
314 441
456 555
33 265
51 461
270 176
376 547
105 388
188 597
401 382
64 553
86 515
420 189
34 373
172 38
230 227
533 552
466 399
532 524
77 379
330 142
289 154
449 412
545 185
114 283
416 313
310 282
487 198
522 291
562 502
582 248
188 58
413 457
254 113
466 403
322 438
165 136
393 196
546 110
182 498
47 216
422 599
90 527
148 359
587 247
516 7
45 31
521 106
107 52
110 467
143 421
445 532
155 29
9 125
258 469
333 291
99 344
516 466
129 473
132 216
147 407
111 352
98 487
426 253
104 454
57 199
73 360
65 382
