10000 10000
758 6947
448 4513
6704 4780
195 7884
3037 7116
2961 8554
7619 3704
2477 5253
7987 5527
3135 2576
262 7808
5458 2059
885 918
9844 9464
8372 7169
6956 2093
8856 3152
3130 9393
5975 3776
2290 4683
6912 1180
562 5075
1155 9833
768 835
1372 2065
1151 9471
2321 1191
1251 1286
6807 784
7985 8186
7299 6391
6215 4995
7912 1357
9838 5789
6511 6552
2075 8120
8627 6605
2764 605
1341 4338
7703 6237
6365 1398
109 5573
5875 6881
2325 2028
5405 4571
4692 8573
2111 3205
9683 9014
5270 5113
985 6460
5173 9080
1120 1222
2903 3998
469 222
1172 6208
3686 7597
567 3353
4797 7936
7240 9214
7822 3805
699 8668
748 457
3871 8646
5980 4020
8295 6959
5775 5236
1024 1410
6881 6958
6798 1394
2260 640
2788 584
3150 5020
8839 3412
2080 2168
7499 7789
1932 2833
5707 411
4011 5669
3688 7289
70 1665
9955 5493
7980 3854
4396 2595
6911 8665
1068 3998
2541 1979
8229 2982
204 3875
452 9589
3924 4609
2604 9328
2028 3388
4166 9959
1402 1240
2443 2351
1016 301
8254 2434
1955 6133
416 320
5222 9423
2520 8657
1705 1009
2087 3145
4745 4123
2887 1960
233 9321
5419 9370
1666 8426
666 2296
1207 2648
4184 9534
2908 7871
9745 8190
8272 843
5092 1598
6368 958
3494 1648
256 1147
2053 4110
143 5668
8651 4144
914 7515
3392 3091
2484 8559
9256 6805
4798 7140
5883 6764
8801 8992
643 6551
5070 2470
5889 7964
959 7210
5235 1388
6322 573
422 9107
4947 1746
7230 6174
381 1760
5933 7045
8607 556
6754 9789
1674 4407
758 2296
9922 4202
5143 1992
5046 6990
654 4643
1202 6624
1198 9185
8701 9150
1073 7272
2342 2055
631 7891
387 299
2009 3983
9436 2185
3929 1648
8931 5779
4364 8384
3714 8529
7871 6597
3052 5824
347 3076
838 138
3543 6367
3755 9117
4360 9250
4661 7699
1577 1607
2017 8273
7158 4318
5576 2854
3280 489
3938 3742
4131 7482
8285 2526
4463 2544
2162 3193
1333 9195
5545 891
2207 5862
2252 2013
8942 2791
1741 2351
1875 7065
4516 1171
6868 4343
8245 2599
7713 8114
3151 6035
4168 6331
2901 7058
5165 4310
6188 2011
8826 4871
1777 1555
308 9672
5188 6945
5343 1253
411 8317
6187 2697
961 9942
572 6084
9902 1172
9329 3609
7635 6240
3640 1043
9428 2566
2782 6626
1278 2057
1101 9897
5185 9956
6978 683
3402 6322
6344 9030
4992 3165
730 4289
5749 1362
5570 2044
5376 9529
6021 1425
9655 7747
7461 2960
8029 8044
204 500
910 845
6825 3834
1927 8877
728 6958
4103 3533
6862 3443
567 5727
1163 7128
8476 9182
2991 9087
6326 8698
1270 1820
3138 2226
635 4067
3746 4379
608 1444
3165 9911
8425 5284
8571 9315
7288 1026
2247 9913
9422 9631
4212 2013
4915 1664
5762 8160
1368 2794
8163 6716
7961 4488
8488 5939
7425 8064
1276 8716
3881 5928
1011 1666
2255 3968
4582 166
6009 7429
2555 3128
1008 9933
1632 2130
4635 5157
7012 948
1580 9308
3377 2692
5077 1519
3271 2186
7533 993
8396 2230
1881 7210
5506 4324
6536 3783
428 7390
555 4078
4078 5766
4903 1926
4068 7000
2629 9054
2955 587
4322 543
118 1993
8860 3405
5788 1977
2394 2028
1346 415
4807 9136
9268 5792
263 9473
5358 9759
7959 4669
4893 2833
2807 8582
6226 3379
2894 4564
3741 9559
9660 7327
7644 1604
8684 2725
4188 5476
4882 1257
4475 8737
3016 1378
1134 5566
5832 4175
2262 764
9461 5012
4514 4901
4134 5509
2575 3751
4471 7844
1904 9879
8381 4207
2666 2265
7791 9173
7368 7339
1960 2398
1591 4238
5111 2702
2977 5503
203 5090
3893 3697
5418 1877
3735 9680
2597 1782
7294 5428
8443 1301
3254 1608
2910 8826
3496 7122
2549 2214
5653 7442
768 3581
2540 2009
1399 6689
1812 7272
1070 6744
8266 2456
7915 1576
2712 558
9231 2451
8585 1731
196 6633
3297 5647
3121 1628
9606 552
2084 2665
2004 517
9672 8249
6691 8983
4740 5154
864 45
9547 1050
1068 6119
5243 5817
1997 1846
851 1835
2636 688
9352 7736
5024 2302
1288 8916
3009 7082
9730 7341
1428 4042
8745 2057
6997 6140
6705 1704
9066 5018
6934 8964
8943 8847
3109 1825
8397 9194
9594 1444
4615 1537
8903 6694
2708 11
876 7307
2576 1713
7690 1462
9147 1896
7593 5085
4043 9590
4769 1783
9143 5873
2345 8542
7160 3294
1046 8453
627 8645
8702 9363
6309 1763
3606 3748
9689 9468
9578 9900
956 4356
2682 8514
3635 53
7367 9408
459 212
2805 9635
9324 5270
4889 1484
3094 132
6258 1733
7032 6477
9792 2353
989 6978
8447 2406
1731 8761
2307 9875
1343 7031
7318 1312
800 4392
8898 1997
9525 7927
7195 9650
9447 3678
6755 9429
1037 7499
5203 1783
3252 3501
7218 668
1053 9915
399 1303
6280 4808
8582 2741
7073 1831
7697 6127
3168 7118
747 184
9845 3033
9612 3095
508 6014
2046 5034
9430 1635
6092 5476
3522 1465
9150 1444
8523 6923
1784 6318
6367 3426
1445 7366
8890 3947
1226 5297
9271 3346
3512 5541
2706 8691
982 1450
2928 9175
1282 4590
6438 7065
5372 6767
7056 8877
7312 8999
2466 7623
9880 4171
1630 1634
6334 8328
4873 3177
1298 4391
348 1271
5481 7131
560 2312
764 3584
8464 824
7495 8522
8622 4998
484 6101
8137 3145
7205 5786
8057 8128
9445 108
3057 2821
1220 1092
6375 9122
6890 3994
7401 52
4174 2118
9675 2129
2556 6309
144 5656
2776 1484
6511 3692
2511 1637
1003 994
1177 9299
5128 8654
7246 4340
7752 5343
9623 7200
5083 9500
2502 8100
9151 7088
1890 6200
114 6352
7973 4271
6540 1104
6987 2369
289 3462
7985 801
2379 3840
2799 7843
5333 3443
9777 1344
1407 8107
21 3585
1010 7969
7966 4313
1128 9996
9675 8268
9406 2083
885 7676
400 66
4814 9505
3856 4976
6537 4547
920 2606
2201 5501
7515 993
7680 3904
9191 5553
8014 5695
5004 5850
3758 3254
2644 4756
2860 84
8661 6725
7111 4541
381 8727
5776 9054
784 3913
2469 5130
3134 3370
7978 7632
1266 8813
7416 6626
9858 8348
9548 1105
5130 4216
7462 8940
411 6362
1797 2881
2967 2503
2722 736
3647 5694
2489 1505
5939 2931
3937 1572
7191 1766
665 4129
2443 4954
5980 8935
3670 7191
223 6537
7064 7249
6413 8955
4434 2982
5719 2138
8512 2328
7517 3733
4277 2076
8598 5702
1915 8944
892 3242
2819 1135
7476 570
2296 8401
8457 2281
154 8752
4753 982
3916 8985
6812 2227
4 1564
108 6833
3878 2551
9018 4722
3847 1561
9955 8995
5789 5844
4341 7586
7789 2655
377 747
4098 5226
3144 7323
4131 2216
6269 4493
4185 6151
839 1627
8825 3407
9866 5993
7721 783
5151 1867
7725 1980
6814 5993
6538 7485
8942 7817
4214 9447
4355 3331
2105 2637
2119 3036
3518 397
4691 1678
1604 3103
3567 9222
4873 4810
3121 13
6236 4753
1259 2574
1873 6628
7210 8617
8340 6374
9367 1385
4218 3570
9240 5046
3356 7252
2664 9126
2081 3123
5473 8876
5424 8294
6422 723
4853 3568
4490 5133
8925 4450
8146 6310
1325 30
8219 7254
4763 1145
900 8602
9653 9472
5625 6977
5040 7918
1595 5119
7801 1416
421 3877
2284 6073
3949 5756
8395 9164
2603 2170
956 2093
9420 4908
4016 4163
9455 4414
3021 2780
4627 7920
2434 6272
4806 2097
554 2727
7266 9722
4926 3308
4904 9386
9666 9009
6686 9872
7273 837
7070 9782
6075 1364
5595 5090
2297 5284
6473 1507
9000 5387
2647 4452
2520 2572
8101 3131
6881 9817
5240 2136
9075 8699
2968 7360
9152 9990
3999 4983
7764 3085
67 5211
9511 1055
4233 8559
7767 4717
8748 2652
3435 798
303 7533
6726 6176
2566 4247
1045 1534
2558 9191
4819 2807
8595 2367
85 5919
5376 1407
5074 5047
1119 739
3635 6651
8809 8884
2715 3448
1482 1156
2982 8512
9140 106
3645 4904
2758 3716
9263 4226
1376 4552
9718 4491
368 8722
489 9586
6975 1518
6794 1821
4021 1193
7140 8864
8336 2551
1696 1944
334 5488
7847 1422
2163 1029
3232 2110
3794 1512
1307 1034
6299 5339
9585 2587
5233 2488
2055 205
1339 7769
5 2508
4516 5496
7426 31
2252 8541
3566 3247
6576 3166
34 7423
4857 3550
9615 4911
4995 32
4941 6280
5909 6770
5875 39
8512 4565
2261 2685
2348 2519
2994 1852
238 2366
4423 7730
3193 5062
7129 221
7291 5029
8469 201
4359 8350
1031 49
3392 1768
9047 1985
9877 7622
6265 220
71 8457
503 9895
9262 7556
5124 9504
1699 3325
6732 9755
9543 4006
9934 1374
1734 929
1766 4644
9174 1106
2128 2538
2989 483
5105 2599
5029 2591
9219 3963
7074 4571
689 1215
1427 7760
7051 2921
9632 6457
6900 2849
8382 8534
5299 5369
2639 579
358 6621
3623 7862
8782 9589
1979 3372
907 4101
2840 2463
9370 9252
360 7687
919 2906
7650 335
1679 609
5521 5086
361 7987
6147 496
5551 6541
6295 711
4542 9910
8369 4425
1464 1706
4052 7639
4456 2508
1064 7275
1296 9499
2172 6492
8774 9848
8303 4760
9863 3255
333 2773
5423 9753
5925 473
3712 6154
7266 2418
6524 9965
1873 7496
7545 3137
8159 7219
4707 1047
509 2372
9729 2372
7593 622
3674 2708
7056 9214
685 2998
2017 5952
8637 4467
2791 3397
7910 2308
2434 2585
5972 722
6631 8227
8709 6521
7231 1512
1669 1210
213 5551
9262 7602
4282 2198
8936 2798
9448 2122
5545 5096
9364 4088
8126 3926
6560 5024
8504 3436
6345 8341
3974 2313
7972 814
1180 6753
5142 2197
4004 2113
920 8429
5955 2429
6574 2009
5170 1693
4394 9304
530 894
590 9021
4901 7411
542 5629
6061 2822
7683 9642
356 9845
8152 6271
5256 7888
1537 2500
8482 2017
9302 640
6051 4310
1371 5748
2292 2825
9795 9560
1367 1123
8760 1936
4595 2326
9875 5455
7385 9345
8359 9386
7248 3678
5903 5166
239 9581
6496 3584
1707 2010
1241 1659
3997 6825
9769 997
9734 8329
4486 3118
2435 186
8408 3257
7983 590
5432 2190
2531 6807
9564 1770
5499 6586
9737 6213
3271 6828
4254 2658
178 118
6395 284
250 11
6826 3955
6417 8200
2944 3456
4983 1248
7899 9577
3814 6777
1678 785
9027 6860
364 8482
409 5898
5243 2068
173 114
9076 5745
1639 5203
8633 7092
3583 4845
4358 7209
7085 4654
6780 6004
4850 2212
1676 6970
5420 5139
7001 1588
2348 2616
1014 6070
9576 3293
5454 8093
9862 9138
6003 4802
6817 9823
6551 1909
2248 3104
8667 7621
4912 3820
8623 8410
6026 3092
9379 4446
855 6849
3558 6188
3180 2229
4163 3884
815 2902
3687 6582
9000 3786
7425 8981
4509 2126
3346 9998
1742 1396
6976 6641
301 9178
619 7581
7299 3817
6323 6310
2570 5300
8233 621
3206 4191
8073 7150
6752 8657
3613 2642
4235 387
1805 7016
455 111
6621 1873
4167 4178
8946 6044
4289 1287
7027 9730
1303 561
8648 4595
7029 1091
9651 5268
9054 6265
7889 9363
4009 4790
2055 8551
5525 9347
8890 4282
8565 1890
3345 3981
8502 9541
6943 2000
8344 9400
1082 1086
3929 6513
625 8567
8215 628
2039 8374
9250 818
3666 4349
9686 397
1962 8386
676 9727
2239 5781
1676 383
6582 7433
8095 7019
8380 1442
4353 1310
3500 4732
3016 1821
6482 6742
1013 1849
99 6438
3227 6750
351 818
8066 4011
7547 8695
896 1179
7907 4194
1695 2900
679 324
9503 8562
7154 8809
7398 4278
4127 7476
8452 455
2415 1974
5933 9309
5214 8179
969 5249
2941 7583
937 5241
569 9293
7114 743
9624 4346
5372 575
6720 4147
8434 993
584 6544
1231 4285
419 6179
1100 3761
9362 8492
4030 570
9921 6214
1121 2448
1034 9358
6368 7984
893 6871
5571 690
1980 941
1326 7474
783 2219
7151 2933
3176 4844
5666 9822
7075 2676
8156 1982
5940 738
676 1035
9215 9305
4872 3697
6933 7902
744 9513
7908 7374
1986 2123
782 231
8187 8018
3044 4567
6401 5580
7971 6598
2590 5745
3394 5624
9189 308
1549 6783
1257 4321
1342 3124
3061 776
861 6036
7764 2235
7760 2646
1046 4616
5999 7563
2663 3965
1470 2702
4659 4762
9531 7900
7095 1538
8629 4909
7850 395
6028 4797
5357 6814
2202 4906
5132 1648
1559 2481
2720 6572
8015 5879
1491 2802
9269 3916
4568 3717
8513 158
3318 8564
5127 8017
8437 7258
9788 4882
4031 8843
1827 5494
9911 2786
5826 2028
7699 3899
328 1089
2283 5578
8717 2847
5569 2001
759 161
3038 1400
8439 6885
2779 4154
4932 9849
105 4788
8440 4964
504 2628
3540 942
7234 361
3667 6116
6966 1581
9823 587
593 3198
3584 5391
7541 7123
8251 3502
7995 5924
5095 2470
7137 749
3486 8160
5606 1193
5609 3488
5523 6539
3080 7364
533 8885
2712 809
1645 3164
5738 2797
4267 206
7848 3661
8641 7163
1580 9617
1759 5334
218 946
3494 631
2709 6079
1651 781
8014 4493
163 5831
1040 9558
6496 878
1144 615
1381 4235
5591 2475
8774 7679
1363 1303
7692 1503
147 2129
9144 4252
4410 13
6609 728
737 3102
7821 7181
2451 9973
5165 7205
4758 1442
1326 715
1767 3593
4993 8933
7082 4842
6065 7451
6061 1555
5865 6219
1302 4152
3114 8777
8009 850
8870 7709
9413 9911
4007 9585
2989 2331
3543 2141
4029 8100
3756 4197
8765 2509
1382 248
7135 9711
9125 848
2906 2840
6831 2630
223 5467
7982 2972
8995 7876
6035 7357
7914 8837
2487 878
3417 1527
4842 1195
858 4326
6617 6954
7033 486
4128 1842
8316 2412
9925 6255
7456 9921
9812 2765
9339 5493
7201 2223
3468 5603
936 3850
2991 146
4516 2659
2844 6487
7988 2926
3196 1155
3610 6785
4446 1493
7261 3550
7896 1889
481 9343
3362 5750
2799 8746
8754 3601
5586 3966
8663 1167
6552 2357
1266 9016
1878 3756
7336 4145
4040 1025
3895 1700
4630 6379
8133 5707
7293 5549
2392 6981
9918 562
6699 1793
8177 2811
5598 5251
543 3392
368 5041
6072 8612
522 2823
918 7919
8233 9149
6391 5626
846 3857
2183 1832
984 6274
1276 7789
913 9950
1207 1382
6732 9145
8890 2364
1788 1468
5351 3860
4656 7217
2710 9660
5352 3079
1382 4080
202 511
46 1309
1189 2273
9841 4244
2617 3191
821 6969
8734 7540
9798 1195
2301 1363
123 8214
8901 1460
5573 5157
7665 4606
6453 4570
6799 705
6599 2594
938 6403
365 4241
2022 5417
3232 7191
8290 912
2486 7438
2586 1509
2084 6974
2881 271
2449 8517
5024 4209
3716 4204
8373 9581
1498 1890
2510 9906
1311 144
2777 712
4106 8386
1520 1490
5018 2458
5673 4426
8328 6975
4483 5083
5732 595
8727 3112
7468 971
434 2133
285 2749
5943 6780
2022 2095
1334 6970
5313 5586
845 1338
1023 6049
4438 7291
3498 998
8172 9050
7940 5223
5482 7102
7477 1487
6817 4952
1956 9709
7114 8408
2798 2653
1789 85
8140 1239
8950 2982
1029 7841
303 8797
6018 3226
3658 3165
1529 9818
9655 573
653 4098
2692 2094
2523 2320
7913 2135
5242 6415
7357 6848
7956 2242
493 6365
7112 3746
7055 4987
15 2734
3035 7525
8564 5169
687 7008
8055 7658
8994 4445
3827 1138
766 1290
1738 1298
7109 2059
5275 8102
7879 65
3500 2912
6006 4277
2482 601
8427 4706
2375 3998
4900 5222
9440 2817
7563 6153
544 850
762 2245
9387 261
6533 7453
4728 9459
3675 9530
3726 5626
121 7159
6325 7417
7753 9970
6763 3525
3753 3546
297 5926
4421 5959
618 3675
1408 1128
2156 3245
273 8911
6107 1976
9170 5546
7171 736
5256 343
1223 696
1077 3979
1276 4634
234 2011
6222 475
5097 9619
2472 573
6610 2009
1094 4482
2616 4984
2173 1984
5884 6602
9086 6598
5912 3268
9252 3464
6228 4601
9420 8512
3075 4065
7064 2796
3164 7606
7159 8141
8084 9987
3621 1137
4515 8171
2388 3039
6664 5329
8121 3730
3146 4170
7981 7548
2203 5949
617 4942
8608 1323
9846 2768
8354 988
9937 3847
9693 5331
6996 7075
1612 904
4378 4187
1978 4781
8943 8626
1588 238
7282 4425
7743 5388
1939 7637
3517 6721
7212 4515
5654 6940
859 6392
4578 9311
5001 6281
4438 5871
4472 1109
6153 9022
2797 1556
4903 1687
6318 259
708 1255
5824 7084
8178 5951
64 6678
218 9348
2019 9666
2903 2206
5417 9875
5819 8143
8784 4756
5447 7997
815 540
8183 4639
9071 1062
2490 918
7237 5682
4802 3211
1012 6540
1449 6582
513 9935
6632 3279
8625 9366
5897 8093
9556 437
3511 2582
7958 1865
4521 8060
2800 5439
3604 2800
7623 6046
244 2275
6845 956
8728 326
411 6004
5111 2609
226 559
3687 2357
4511 8067
3409 5850
9396 4341
8579 8808
106 7407
8677 1491
4392 621
882 3453
7879 8616
1141 927
93 513
108 4151
9808 1963
9659 7560
9800 432
9040 2009
5575 9381
4264 5020
4588 7902
2441 325
8295 7447
5126 7752
1840 6499
761 6008
901 6947
6220 3803
2351 3915
6200 3439
5841 5609
5308 4751
9895 4116
3956 6761
2221 5077
9376 5482
971 1933
7674 538
5880 8184
7952 7777
5138 1556
2023 8181
2102 1239
9190 6591
516 4629
2256 2199
1431 5858
3024 2742
5253 1476
6679 1214
2023 4545
1075 8819
5705 2906
8234 3536
725 6841
5402 7884
2803 9512
8820 5756
8141 1470
1553 1214
7862 18
1747 404
1213 4535
5813 8153
517 196
9532 6869
1210 5788
2902 616
7600 316
4174 102
8193 515
2126 7863
9779 13
9524 5818
9539 2906
9138 2393
4685 6010
717 6244
4425 2615
9902 6483
8346 8003
7219 1229
1669 2026
9405 9145
4715 3690
8045 2719
5637 289
5500 9891
1592 877
288 1953
8385 5068
1003 2186
2757 7792
5003 6312
4096 3547
4650 9828
4281 4386
7018 7251
1017 7866
4029 29
6789 548
1934 1744
6952 1032
4358 9098
4471 7488
698 543
1157 1941
2718 9721
932 6530
6301 1357
4859 2731
6592 1383
8610 7235
8499 2895
6823 3296
4914 196
6784 55
12 3367
3966 7487
3887 3356
5403 4265
9166 3360
1748 3327
1206 3619
2125 8595
2303 9527
3800 8856
2707 2559
2219 4643
6598 2105
4073 1260
4293 2662
8337 2747
3022 741
2862 1095
8769 374
2207 4951
4150 4099
1887 7042
3221 2843
1735 8946
4638 467
1751 705
2416 3596
7566 8470
1685 4773
8938 1036
2936 6649
459 4016
633 7429
1214 3041
4531 8936
8869 8203
3460 6794
12 5106
4204 1391
964 3625
6303 5783
279 1309
6776 9218
3747 114
390 6864
333 6555
1087 1616
4336 5813
5338 5000
6284 6771
9830 8550
8455 779
4027 4017
2777 4547
712 318
2021 3224
4972 3166
3373 4992
8900 6336
2729 5300
9615 7272
7151 2548
4713 8447
5979 9756
3964 8487
6546 8440
194 5460
7755 3300
5693 4889
6508 9866
7231 1271
3192 4143
1826 1191
2509 4134
202 9122
7967 1144
5441 9017
5453 8958
2768 3989
8920 8938
425 6188
8305 3012
8402 7269
4923 1997
4738 646
538 1820
9363 2199
4340 2935
4204 2045
6327 5845
5736 2964
6658 2979
978 8364
1372 6870
6542 1846
3633 327
2690 3289
1882 9431
4165 4712
1301 3202
2149 9242
9322 4652
7995 4695
8447 7352
1630 9513
7265 4133
1874 3839
861 9225
3367 3222
2418 2406
2452 3141
273 1572
1272 5936
1838 672
2733 8081
5610 5392
644 6467
6991 1223
181 124
1890 7343
2121 4505
5206 4854
5741 4705
8109 7883
9582 6580
227 1101
3824 7786
2209 9595
3419 4392
644 2999
3111 3777
4806 923
1593 8899
6541 5066
4949 5424
5282 8259
2948 871
320 1689
4241 7101
4186 2369
4273 8070
8201 228
3741 2104
3078 8804
4037 9157
6963 1766
3673 971
2402 8169
8158 4515
2744 8811
330 234
891 2461
3659 1667
3903 8881
8344 8171
5690 6080
9859 3643
2102 6794
5159 8613
4157 5205
9280 9193
1577 1839
9328 28
9043 2763
3357 3494
6620 3431
6397 9484
288 5391
8768 779
9418 6965
9536 2081
4381 5964
7004 469
4922 1901
4975 342
8512 6048
339 5732
9583 2561
1085 7411
1951 260
6810 3894
6573 6450
8931 4116
1592 3730
2399 8409
4455 3932
6863 6155
4507 1918
8607 273
7059 9562
7275 987
3234 7682
4584 2907
4962 977
9289 8390
5617 6273
3830 3872
7565 9499
1754 8265
7663 3546
9331 874
7198 3036
1749 3566
9526 2597
1193 9746
2878 7203
1303 2215
4000 56
6968 2826
3246 3156
8882 449
8454 9366
4047 6597
5165 9267
2159 3632
9095 1394
421 2284
3601 4288
9859 2336
6738 2971
2325 6457
6056 5323
1926 474
8307 1893
3624 3956
3527 349
419 2051
4980 3908
7707 8661
3686 9323
344 378
3969 1524
2192 7015
7038 3237
8718 1774
5812 9004
3390 2002
6106 2979
8629 7161
1179 1643
9711 4566
9193 7896
94 8964
8499 9537
259 4661
6840 4199
5605 1819
6453 12
4942 5378
1403 563
6850 9244
117 8355
1663 5619
6651 5179
7293 1263
6265 4816
4792 5376
5855 8075
4791 5544
1518 49
1593 1889
9471 1960
204 7493
2734 872
6238 2369
39 6963
3925 5313
3494 2056
620 404
2357 2369
6330 4334
7657 3481
8116 3693
2071 5879
7520 7645
3533 424
741 8782
4949 8480
1004 43
5724 7312
9179 7142
3411 1373
300 8266
6245 499
5022 9482
2999 1457
1524 412
4702 3067
2964 4920
7152 4418
5745 1753
2332 111
6829 8498
8673 4508
1709 8909
8739 333
7567 3542
3193 9752
120 625
7127 790
2391 3723
5701 1551
1547 7278
8133 3822
107 608
977 2035
2800 5478
2722 4081
6638 3326
2259 5802
3558 6204
9672 587
9196 207
5665 8477
6193 1949
3498 1562
2586 337
5750 7135
2330 2702
3540 3919
9142 6279
1637 106
3594 3052
660 1985
2266 9836
2089 785
9959 7754
1147 2012
7288 6301
4677 7884
2447 8338
9606 6782
3755 7701
181 1637
6060 353
9649 941
2364 1622
9928 9604
2979 5772
3192 8275
3466 6889
2153 6276
4844 5736
8668 2012
3813 4525
49 1196
5296 3936
2526 6986
539 3372
1313 2741
6007 8695
5146 1324
8136 6700
2120 4002
6851 3831
1022 6941
2597 8352
9993 8447
2460 2660
531 4174
7414 247
1471 8137
6372 9960
8056 9167
329 6190
2976 1625
3072 232
9666 1385
4652 8417
770 9709
1895 922
6530 5847
6061 3118
7224 4034
2308 5680
28 9785
104 2389
9083 1059
4731 3596
8328 4428
358 5722
9898 5582
6271 48
6508 7999
4580 910
9102 876
6820 6867
3413 9747
938 1922
6723 2869
5204 8359
7007 7058
3668 1836
4231 9867
3093 4251
1405 3419
876 9723
8634 2821
2260 7140
3209 7277
8217 5837
6190 8581
7033 3554
7415 2013
5371 9549
8884 3321
7248 476
1097 1606
8725 1861
1917 3047
4311 880
6284 8082
443 7805
9594 2096
8680 1182
5426 9321
2387 7110
6248 9632
7264 7165
2862 975
8491 1718
3544 7491
7166 8778
8036 4289
5761 2080
4753 127
1950 5270
5041 3188
3315 4721
3986 9598
130 9441
1874 850
2313 3124
1215 4124
3446 9997
1665 2014
142 4632
7712 9986
8062 6657
7028 7828
1511 3269
5109 1865
1827 9679
1170 8425
1300 6994
1829 5075
6745 6252
67 9708
7300 7128
7635 9096
6718 5768
4297 1218
9993 6648
7184 2766
3 8365
8255 2808
396 8309
3984 780
2510 1692
4001 8179
9546 670
5795 2129
5554 209
1451 1411
3145 4859
7375 9548
6713 1108
272 9480
1620 7038
5517 548
7290 9400
915 9309
240 7921
7854 5528
8131 542
2899 4322
3649 497
836 2787
9808 5119
5482 4991
6074 9439
6037 5090
9527 3244
3724 8466
2305 4967
1340 6991
1733 640
9016 1525
5636 1114
1329 1441
5877 6739
4459 638
149 8254
1271 9321
4641 9446
5630 208
9757 3471
4086 2225
9639 1817
8038 1955
4691 1962
44 1971
2600 9187
7538 1520
3533 9446
4402 1798
2433 2370
3127 6798
4775 2131
168 339
4523 6711
7775 6781
900 3323
189 948
4364 4635
1381 2910
1430 5688
5313 133
2125 6728
3497 8786
9377 1990
7792 6519
2063 2236
2186 7445
2610 6954
2238 3524
2343 2879
1601 1800
2834 9092
4202 7991
4414 8867
2235 5292
2362 8241
1068 8107
9559 5555
5517 1299
6545 423
8613 5557
1898 3858
7178 9239
3071 2616
2206 6931
8466 8728
7468 4721
1715 664
8634 8740
6056 8521
6796 1836
5492 6438
7143 479
1803 8645
1139 6393
230 8097
8127 9853
7739 7762
1993 6447
6633 5631
6877 957
1036 6237
9888 7732
1571 4562
424 2113
2089 5605
1659 6588
5515 595
7338 1947
347 2440
6334 8312
5011 6650
6367 2274
3971 8768
8187 7857
7118 701
1468 7965
574 3052
2960 9434
5369 3748
3668 14
531 1073
8245 557
1902 7690
7281 802
9410 2298
1264 6802
2351 7100
8889 7729
2438 5570
674 1534
1715 7862
1881 2705
3471 9830
301 626
8416 4879
5079 1897
3807 7069
5679 9826
1729 9951
8439 7804
5684 1475
1702 3690
1377 9205
2523 7661
8084 9949
879 1476
7655 7660
3201 2295
6468 5237
3430 8145
3031 6483
1806 9178
541 2545
4877 5073
6628 4877
2198 2098
2320 102
6615 9427
120 9534
7195 8744
974 2404
429 3632
7601 211
2010 1339
2412 1283
1763 329
2023 2055
1915 3589
3123 7457
8027 6167
9127 9840
799 2722
9659 7959
8861 2397
4649 2394
396 255
8840 5933
6898 260
2732 3684
447 6088
1457 4938
6814 6585
2279 814
983 1881
6970 7875
393 7476
7071 2972
8264 6922
636 2637
3929 8541
8352 7856
8102 2367
1395 3036
4855 388
4223 9051
690 1534
2947 3398
6391 2175
7360 5587
4400 7570
8619 9286
697 838
3031 182
2735 9558
9152 5873
4500 7338
6117 2691
7838 4390
5844 1496
1423 2529
4982 8726
4364 2890
4324 1096
6877 5152
9535 6142
2918 9049
2769 7046
9498 960
2847 458
592 4762
5058 3334
2895 9250
2021 6807
1569 439
8579 9155
6273 5088
1135 8893
6316 7431
513 3727
4645 1267
2467 8920
3788 9606
5109 2517
2266 5698
2192 9848
2606 19
3719 5174
9046 4330
2621 1641
2845 8217
2524 891
1955 1471
3223 6616
7023 1307
3762 2012
5532 419
6423 7659
8842 4703
2991 7044
5880 1456
4656 4185
8931 9370
3442 2096
1109 3398
6077 3978
1786 265
3046 1809
8611 6002
7887 122
9090 7168
686 9774
7755 7795
9116 9305
5499 3525
2128 2059
8866 5612
8695 9085
3874 5042
4036 1686
270 8925
444 5529
4293 403
2685 4109
9205 817
288 6764
723 7085
3392 3714
2811 7267
5398 9463
7253 2537
2977 5791
1860 2380
1930 1679
8902 2037
2063 6596
1873 2682
2241 3801
5283 4979
3227 5274
9237 5200
2259 2280
6428 6512
8311 4702
7631 6194
7856 5971
40 303
1594 3520
2043 7236
1190 8979
648 1735
7017 5249
4497 4029
2676 781
1687 7155
8866 1600
633 5712
801 3567
1477 9585
562 9438
4082 4654
5138 1872
4228 4961
7005 692
2543 6200
2660 3807
6887 478
3029 2776
6568 7406
8325 4410
4236 8108
9505 4573
9900 6008
2748 5718
4869 7423
1755 3515
6902 39
4764 6929
6000 232
8163 7418
1345 2042
2808 3200
2853 5416
8202 2832
4894 3892
2461 4206
1208 6183
9594 7646
4674 3974
7634 3665
2721 6739
7272 5864
8481 4670
847 6152
8518 6345
2182 41
9628 7939
8895 9085
3923 895
3863 218
1647 6390
7664 1893
6685 8109
9625 6686
9453 7905
5824 4159
1080 3958
4433 7147
4450 6165
7913 5542
5039 1875
6400 328
2275 138
4970 314
5651 5103
8743 6146
2799 6175
4199 4892
2081 374
1646 7316
3864 7169
9361 2747
6554 9617
1929 5544
9798 4030
490 7899
4026 800
9839 9150
7990 4706
2926 3704
7533 773
3147 5101
229 1863
1916 63
4195 7089
9284 37
1174 2373
7201 554
521 2222
9021 3624
9088 5235
8705 889
1643 4808
5527 4536
54 5181
2585 6622
1640 1171
4845 3514
580 5382
1540 7507
8397 7694
6166 2956
3445 1756
6823 3414
6702 9886
2018 9282
3660 2051
9352 5788
9417 3613
6475 959
7038 5471
4142 1102
4117 9183
1236 9627
5522 5338
3763 6989
8548 4732
7030 612
7275 6466
5197 6361
940 7917
4748 2104
6040 7328
3786 199
2168 116
3274 2399
722 4544
2647 2621
6456 4527
3085 8957
3787 2134
2032 9220
8638 5266
2123 1337
2334 9737
5109 5483
5951 5138
6647 9406
39 3338
625 8444
1841 3616
2339 6678
6890 5932
5128 3785
443 3817
8033 3904
2344 6203
2851 3937
6072 5385
3898 8938
1244 532
8057 3542
3004 9976
6605 6399
9867 3125
7038 1675
2668 1039
985 5930
520 5981
238 1836
2146 5836
7289 9394
6442 2170
2197 3571
7921 2611
171 2613
7044 5590
5756 7210
131 31
2627 5555
8611 7072
1535 2717
8943 4539
8158 2530
319 4684
4937 1841
2372 8392
917 7695
9762 9318
8111 8132
7654 8044
1469 7304
5429 3349
2784 8269
7592 2586
2165 143
2062 191
3136 464
3988 882
1417 367
9898 5471
7705 7844
1858 2256
2389 6317
5790 2802
3182 8444
1887 3716
2468 6668
172 5941
989 4201
5150 6825
3093 6078
7557 4056
3111 4740
8656 5794
4615 3036
708 8345
8028 3456
9342 9842
7306 6854
2346 6874
9297 9842
9806 1983
9199 1187
9007 984
7892 7565
9912 3606
510 9947
1396 1208
8675 5766
301 9237
9316 2167
8443 9651
9734 8621
6878 2153
9109 2632
5193 348
495 3142
1932 6691
299 5352
9874 6549
571 4948
9745 2755
4285 6618
4866 660
2279 1356
6206 2744
8550 1977
371 2373
2051 6149
701 6201
6730 3123
3053 30
3966 7192
8823 4997
5428 7319
7420 7508
1340 7850
1340 4403
5549 242
123 997
2836 6528
7262 7651
54 8549
6753 2615
5815 8199
439 3683
9426 9061
1587 9466
1167 4191
1713 4054
9542 3006
5772 9375
3332 673
4510 3279
2457 3862
3447 2953
4073 4270
1584 5527
460 1928
1980 8262
816 1720
8756 9012
7462 4296
9886 8470
6416 388
3021 9734
757 714
5501 3476
2018 292
5364 1894
348 6571
8188 1206
6226 3042
4186 8562
8232 184
5331 9997
7343 6653
4053 2391
8548 6290
3576 7087
3686 9069
6359 6392
7527 4720
9107 84
9337 1322
9085 1221
3495 8290
8222 3191
1640 8252
7913 6312
3967 2344
3993 2225
1694 8139
4090 696
7786 3777
6137 8185
6438 6376
548 7441
466 1743
6378 4788
1221 1954
8129 1546
5874 2211
1829 6291
5757 9727
8279 5090
5746 1948
2412 1585
2213 161
215 8883
121 7953
4228 261
8395 8692
1454 1012
1035 8402
94 9959
3344 3704
2367 104
7277 1764
6449 7393
8724 8948
3119 2862
3824 4831
1707 4813
6953 8353
1095 3034
3746 9757
7942 6400
6147 8838
1010 7895
169 5233
8302 7865
4251 5890
7848 168
548 2042
2057 8599
9748 955
1188 7215
4539 2590
6189 1225
5428 879
1197 6596
6827 1505
2880 1137
2545 2166
4201 1341
6406 1554
8049 696
5301 4021
7834 5494
7287 7465
6785 1783
2789 3880
7702 1820
1274 2653
6206 6593
4325 6104
4509 8742
254 9292
16 4577
9126 1249
637 1553
2374 9385
1092 542
5565 1134
9740 527
6660 7469
8983 3462
7245 6305
1442 4159
5836 234
7328 6915
5050 3364
6424 2840
8225 2604
7738 5359
7359 6887
4279 5581
8381 4663
7588 7948
9288 3224
7214 7392
956 7184
4091 2228
1410 1179
104 2030
1293 1860
2078 3403
2697 654
7803 1730
4743 6042
1393 6417
6784 4410
9121 3273
3222 1585
2753 5963
2543 7290
5545 563
5951 4080
8715 1923
9107 2480
8110 5556
6757 1876
849 6906
8776 2575
7281 88
4548 1274
9482 5637
9345 8728
9455 9223
5600 7138
7099 1156
2262 379
248 2922
6032 2844
3935 6763
2671 7263
6139 6185
1869 102
8170 145
8756 3255
1013 8253
9854 2349
6320 1449
2737 6187
6092 5387
4930 2337
9380 3386
3858 1214
8785 6270
2247 6638
7093 3554
953 5506
9674 8053
3544 36
4205 4513
5898 6305
4386 93
5526 4643
8926 8458
7546 3663
300 8719
60 992
7593 3570
7545 2318
969 9758
6424 3341
8933 1016
905 4439
1307 6856
1673 8288
6046 8682
7109 9187
7123 589
9362 8212
7390 6814
8374 4009
6215 946
2413 6780
6077 8940
1128 457
48 1325
7111 6295
8909 9382
5202 554
9036 1274
2753 837
8741 3040
7698 9163
2321 7837
3598 1787
2613 9694
4056 1035
7695 6026
4262 7934
3412 2534
6561 553
882 2693
2313 7212
8058 6587
6012 8305
3317 2030
6600 9771
669 2721
2734 4405
7917 7658
8202 2998
4955 212
7263 8632
8379 910
577 7916
8917 7986
570 3656
451 7314
8082 9037
5480 1594
5154 8914
9474 2812
3571 4829
1584 7273
1238 53
9655 545
4418 4981
5970 8339
9266 5488
7777 8295
8583 1724
1226 1339
3527 6363
1067 8035
737 516
7170 1141
425 8082
7484 7837
2359 4700
7347 9649
2698 1268
2297 1604
3114 3246
6668 6275
2374 5289
7528 8004
9303 1002
8416 9389
4343 5228
7025 8950
4494 896
621 7343
1652 315
1544 1088
8996 2593
750 7543
7293 2019
2367 7722
1795 5415
8498 7118
3426 8751
2464 3666
3290 3811
1713 5555
6640 7096
7981 7447
2278 5840
3522 6317
739 590
1322 221
2240 4738
6010 411
6028 2752
9993 5156
3211 2833
1026 8650
2441 3709
9421 9943
1292 1057
3096 1850
4856 5229
4010 9755
2090 7794
3928 490
3739 1544
1699 5418
8850 4875
9734 3047
1448 462
8945 8685
8830 2511
444 1176
2174 1172
4506 8247
3330 9227
2251 2211
4133 9090
2452 6176
9956 5890
3942 2799
1401 3210
589 1728
184 2556
4847 1183
1551 6282
4802 97
9183 9057
3189 1709
7538 2348
3932 8269
9655 8357
421 4299
1000 4528
9355 4301
5577 4527
6825 8215
2860 4924
6713 1640
471 889
3854 1641
3530 8602
7416 1388
6535 398
255 9117
4877 6751
5514 4241
8265 7291
929 4525
1715 8079
5207 9930
6519 7554
2995 824
9161 2750
8944 5894
1749 3782
1894 7114
2605 4306
7908 7279
455 1892
4846 2074
6540 599
5973 1500
8353 2121
1592 8101
1219 4246
5144 5213
1295 7115
6528 9863
9696 7932
8969 8937
3069 6101
5127 4103
3072 8820
464 4563
6374 3383
4405 6212
769 842
9821 6537
215 1433
1935 1788
355 1246
11 1167
9255 1760
298 2203
1948 4670
8699 5495
9498 6957
8037 8008
3058 1098
2892 8523
1483 9487
4631 5476
2655 5951
503 3696
7489 5777
5063 4245
6889 8521
6466 972
1444 6792
6167 8714
6975 1575
7511 5538
8609 6515
9854 3987
1497 8503
2837 8819
3257 6292
626 9464
7778 463
3462 1650
7454 1748
6991 2364
6011 2219
8739 1424
429 7869
430 2651
7151 3231
880 5388
6033 8759
8706 7931
3485 194
9396 2669
3863 9791
6602 2676
457 2141
2038 8428
2296 2878
2783 5585
3842 6568
6579 532
7626 2675
7884 851
1660 200
1502 3021
3386 2452
3783 1862
4179 1182
7684 5772
2166 3438
5082 6771
2438 2164
2854 8491
8000 761
8621 8831
283 3680
6625 2994
1995 3259
9583 3723
1376 5735
8319 4797
4085 8168
1308 9061
7423 6145
2143 1770
8088 8045
6630 5337
9169 6352
2505 2468
7693 2165
2873 4918
1948 1332
4210 926
2497 2213
5268 8344
916 1341
2996 366
792 5461
9025 7137
2696 7390
3835 6692
9904 4572
947 9086
5759 7894
4511 9221
2059 1001
9170 6526
5782 6918
9663 6501
8242 7884
9945 902
5694 744
8013 2518
5358 1924
9613 9687
5382 2740
1800 3656
8063 9017
4957 3131
5745 2667
5728 7983
5517 4752
5237 4505
3508 2312
6684 2308
5604 9070
371 7205
8167 1510
9919 1893
8753 4130
1526 8260
7036 8365
1883 6459
9345 1216
1792 4407
5024 954
3965 5013
6788 9232
7392 8117
1669 26
209 4372
4552 7811
2509 3135
3065 7407
956 4124
2033 7446
6218 9939
3255 7913
4758 8562
741 1065
8080 5714
6443 5869
530 7398
1012 7434
1988 5533
1478 4941
2779 7404
3118 2232
5202 9542
6966 4362
8411 2461
6839 4872
5355 3226
4301 1634
4932 1832
1397 3660
2689 2698
4624 750
1464 8048
235 4228
9537 6275
782 1902
3831 9500
9807 2562
6643 1481
5886 6688
3447 6326
6915 187
7777 694
9634 5292
151 7266
7079 1761
5060 9767
9374 998
6484 2257
7038 6011
7684 4811
1760 6312
4882 3567
5903 5685
4750 5126
8648 8432
2695 9275
3202 8830
2094 1333
2504 584
8177 1031
6539 1724
748 7099
519 4840
4676 136
4872 1397
1669 8023
1261 1638
4237 1706
4604 1208
9755 8633
3886 8066
6618 6250
9571 8889
3188 6238
9104 7031
1853 9785
39 2875
2566 9664
8403 6457
9543 896
2497 1828
2115 4165
8018 556
1899 2174
4839 8110
4985 9510
64 8805
7675 2055
6728 5623
6947 4305
708 408
347 2788
1290 5398
5689 5770
3101 7314
6277 294
7389 72
1748 2749
2743 1586
4844 937
2254 2669
3113 5805
5853 3928
8743 3547
2665 4169
881 4484
4216 6216
2441 5216
8177 1667
6091 7833
8418 6980
3772 8120
2061 7124
8423 2937
3130 696
5975 6258
5646 8084
6627 862
6587 3338
7765 9755
2967 393
2257 1248
2868 9353
512 486
711 6809
6029 1289
1127 524
8846 5782
3993 2579
5700 950
6145 9755
8020 6590
2707 892
1827 2186
6485 49
275 4014
3350 792
2119 9003
9685 5337
1637 247
3909 5627
9184 3540
1953 7498
7501 1901
4437 8502
5941 6070
5603 3533
4204 2124
4989 5612
6637 8670
3487 8234
1391 8542
7158 3217
2588 571
1188 8321
2248 2207
2147 406
8943 6108
9941 6586
2255 9156
8354 1926
8116 8470
2365 5768
5570 7026
2584 9987
41 7396
3459 5361
5210 2763
5464 8447
2049 2275
8255 6789
5442 7786
9134 4012
9001 8898
3352 9719
8065 2928
8126 3230
2584 224
5625 6936
9559 8178
3997 7633
5611 6695
1478 6195
5706 7236
6563 7791
437 9107
2138 9237
4603 7107
479 1721
9226 7767
3127 6865
3129 22
1866 8544
1583 9701
5087 2442
6308 1212
9020 1903
8653 1169
6248 3009
3383 7430
918 3770
9688 5865
5988 2933
9443 3566
3262 3399
1639 3220
4103 7748
5075 5572
1496 3182
6023 936
6842 6034
8012 8829
6502 5268
550 6142
7927 7884
2399 578
6448 1718
6176 2803
2470 8692
3590 3053
397 5167
7961 1610
2715 698
2086 3763
6976 3724
3337 9710
7298 7912
9189 6771
9269 5859
6567 701
1480 7847
9700 3960
2286 6218
5292 7608
302 4284
1715 5017
3194 3037
7051 2443
1070 3533
5854 4255
1406 3437
6298 2521
8094 7648
5221 1943
495 9932
8358 6596
7197 9194
4022 6921
5257 1376
5606 5739
7489 1969
4873 4766
612 5005
7329 6346
2770 6114
5308 9422
2575 507
6229 3068
4161 150
4655 8427
1317 159
1199 7344
2964 7813
6988 5857
2804 1026
4677 4636
6124 6360
4520 8368
644 2185
4686 2384
461 6129
1278 6246
5137 8588
8900 6692
1178 3912
5439 997
1550 4202
651 1011
6720 325
8350 665
619 6310
2545 3543
7056 9299
5808 1340
8064 7785
2131 2248
4190 6970
7790 2613
9985 7093
8078 7399
329 9443
3351 8735
568 3742
5020 3051
2541 3293
1629 103
7718 5608
2959 4
4778 6689
6561 9588
8436 548
5978 1001
7067 5316
1975 1397
379 4270
2464 9131
322 1220
1375 4894
6057 7951
5287 8694
8228 2266
9067 2443
3351 2187
1021 3534
6196 8197
6214 7126
8652 7001
903 1706
7758 8631
6027 7613
2023 9192
9265 399
4815 5859
241 5770
8040 5955
8058 5309
7118 1757
2843 7248
8339 4327
9466 8002
1274 403
9834 2068
7646 1214
9394 7176
4856 7809
7368 2316
6347 3262
5521 5142
82 3333
7463 7371
5286 4818
2745 9381
290 2852
7417 1304
770 5070
177 2851
7370 201
9291 1607
4744 8101
3824 6138
1626 1173
9386 2013
3744 3583
1338 6391
3613 2934
8475 3247
955 2459
5930 4264
6958 7195
1546 2409
7144 3975
3890 2316
4127 6941
979 9579
1603 7411
2213 9660
6630 982
846 9149
1122 3776
9728 3140
7713 8834
8469 8289
2006 702
1489 5887
3425 8459
1914 4354
635 4093
1572 6636
7689 4853
1272 825
6085 1689
4934 2003
3051 1873
2655 7763
7725 8571
2158 5384
4877 931
3330 5282
8984 4045
2003 7569
1092 5080
9516 817
8628 4137
6698 8233
2231 5446
5807 3306
2165 3540
3179 9487
1506 158
7648 3615
1549 3340
4870 4919
7847 1039
9233 4539
2153 7438
8565 9470
9098 635
7909 5546
1329 8747
744 6805
9703 3299
6927 4117
6191 688
8799 3696
5794 7879
4653 1240
8053 1532
9134 3411
7140 1973
7061 2235
4813 9240
2267 2071
922 9117
5261 2975
242 5409
8829 6403
644 9251
7455 339
6880 6712
5654 6732
583 4231
5690 7418
9746 7442
4639 6565
4884 9655
9931 7730
4788 6667
702 1580
1009 4360
2807 5120
2943 7161
3764 4544
7552 428
2720 6359
4486 6432
7338 8848
4135 2902
4195 5648
9805 7656
4225 660
3622 6273
1865 5118
6921 1209
1861 58
9282 2660
3181 1844
5381 2910
7495 6509
5625 2713
46 1065
2440 8652
6811 439
7698 6077
1658 7473
7478 4603
8029 5973
8931 179
7612 1223
4973 6648
1986 6808
1081 7452
2202 1684
1521 2660
9668 3623
1434 5609
8422 4796
1038 9997
237 3905
1486 5388
9715 4793
9272 3109
4587 1716
5652 4753
4414 2713
8832 5893
9219 13
5036 7689
2517 3292
8580 101
5506 1776
9239 9306
5612 3130
8644 3737
9026 2942
685 5777
9707 8271
5810 2935
5694 5087
964 1386
8262 1449
8513 6709
1474 796
8752 6721
2321 1305
8952 4434
364 1619
5382 2793
2415 5653
647 341
2112 9648
9288 7338
6901 2353
4742 726
9451 3602
4874 2148
242 7768
4419 851
1211 3559
5865 1327
4137 6123
674 2581
436 8419
8243 2585
2026 6969
2402 3877
8249 6733
9769 3
7944 9279
7089 1022
3099 405
2723 4854
6053 2148
6702 9573
6311 6495
4736 3008
2372 144
7337 2796
7384 4175
5574 8508
1193 9190
2334 9673
2143 7722
6117 5789
9521 3458
5270 6129
3947 8243
8814 7833
1415 1598
5503 33
7435 9586
3295 2564
1771 7542
9895 1700
9107 8962
3800 3206
6253 4616
5270 5662
1951 821
5385 5277
3248 7213
7924 826
2468 9923
145 3480
7217 9642
6222 8778
1660 202
1137 4491
1285 5171
6559 8526
808 470
714 99
7185 9083
368 9123
881 5244
9700 8685
1297 6523
6125 9889
477 7930
3140 4499
7688 1447
9230 3540
3822 7729
4356 3525
8681 486
9199 7334
8225 6799
2932 9176
7832 2724
9329 6683
8235 5870
8726 7225
1086 5058
7682 2987
8434 5547
9519 1560
2371 9678
1767 5074
7630 8715
7321 7501
8005 442
7611 3656
6777 8162
5384 6451
8308 4772
3964 9314
7727 9923
5080 625
4807 1761
1858 2861
2571 9695
8550 748
1469 7406
5551 7788
5510 2244
9465 2143
196 1039
1911 491
1674 9608
7329 5204
8373 1303
7256 3716
35 6958
8774 1730
655 9728
3732 3379
7459 2091
6836 3830
2449 1823
4073 8660
4305 3148
8760 9004
9065 5716
1233 1215
6454 7214
2106 756
8362 1645
3414 3090
7598 1503
9893 309
1594 2479
9446 1150
11 9029
8643 6760
457 5046
107 4966
2240 1764
3777 4205
9231 2276
4552 8306
4467 450
4723 9349
5067 9939
3809 71
6209 4847
9312 3344
4414 5452
4753 4820
7162 1243
8444 1948
2915 6712
8548 1274
8836 9876
4839 1976
764 9698
2607 4200
1918 4410
892 3220
8295 653
5758 8494
6388 9089
3919 4096
793 6029
2389 1668
386 4356
8595 8952
5719 9423
1511 7270
2398 9066
7732 7294
6020 4128
9482 2424
2589 8645
8144 1992
838 2382
5342 5928
7373 2256
90 6658
6083 7222
7080 3792
3721 444
3079 114
2377 5470
1107 904
9736 7757
6031 4616
2255 678
4729 9271
7167 4138
8613 2932
788 3032
2556 5393
5268 2560
2399 1196
4618 8734
2273 817
9664 9914
7329 952
4359 2656
1974 4212
220 4807
9388 3846
80 9731
6257 9313
2965 3680
381 7927
7658 531
3231 9611
8017 1266
436 9594
1443 170
3779 5360
2129 1480
504 9084
4228 4359
3481 8830
10000 57
8050 8125
4344 304
5562 4436
1601 6974
4690 4216
1295 1808
2613 9198
5340 1256
9524 3810
1399 1154
2494 503
644 4440
551 4087
4216 4044
2087 1740
6481 4069
6850 6414
8893 3034
2533 222
6933 2346
6752 9289
1552 740
9839 5620
1030 2219
8911 1440
33 991
9525 165
1740 2224
2650 2137
2656 2333
1356 6472
6443 3570
6979 3601
9065 3516
9537 9544
7227 5607
722 8211
8115 2520
6535 1365
5594 961
2757 9582
7927 1717
7039 2828
9 9206
20 2230
3506 5083
5305 7745
8812 3648
6584 3898
3701 1627
6120 2918
1469 5183
9891 9180
1189 6491
8020 76
7272 783
6279 1515
4025 8357
9702 1713
4813 8506
7527 8171
9126 4611
5733 4003
3318 6840
8863 8345
2629 867
1955 8735
5352 6578
8348 2550
7688 1796
2874 7597
2458 178
5004 9901
9120 8860
2694 9525
3453 4283
8815 9159
8289 1916
1545 7678
2204 637
8877 6312
8388 88
6069 1318
516 6093
8540 5361
8486 7822
573 2347
9485 519
3183 5999
3890 5557
1178 5104
7865 4346
7382 7316
1340 1244
8238 5049
8755 5816
1932 7636
3059 3203
8489 370
7494 3936
919 2031
3321 1594
9757 9183
2939 3
6738 4695
1146 3720
238 4477
9816 6697
854 5150
1598 6419
130 2794
8035 7689
808 8954
4211 9564
552 5553
9804 7706
9687 3699
8546 1164
9744 737
3161 3559
1476 9479
9361 1765
3160 9491
148 3864
435 4239
8021 6854
9498 2343
2285 921
510 512
4991 4317
2026 216
5548 2708
8482 5622
2999 4505
7231 4315
990 9036
7486 8659
6499 3575
1685 7279
8386 9250
135 1167
7493 2819
9131 8925
6955 7285
6059 2218
7352 4329
2392 895
4710 9447
3992 1981
948 8830
9741 9415
4037 870
6996 662
2461 3361
1324 9954
2918 1964
8747 1751
2442 2183
6804 3407
7672 2002
8928 2595
6404 9016
5576 9168
4525 7546
4563 8682
913 7116
887 7068
5802 476
6439 1918
6000 9507
3067 6848
3405 8834
2632 2704
6339 6578
2201 1444
4666 1841
4279 2814
4338 1729
5554 8047
9768 6063
2024 7263
3871 3907
289 7097
9623 775
2682 9530
4899 3078
5851 6275
6018 3137
1114 6926
3095 5832
7965 7444
590 461
1240 144
2046 3902
9045 2995
2164 2176
3341 277
1220 853
5227 4662
1971 946
4277 8801
3505 7561
2137 2577
868 1669
996 4021
8003 3893
7213 4085
1460 5668
5558 3384
6499 4033
3637 5697
5279 3081
1880 9555
3535 1236
7552 16
9623 2137
7648 1463
1252 4359
762 6697
9048 3300
736 777
6577 5632
5137 1954
321 1331
4915 6153
8631 9614
8965 2823
5629 9677
7128 4075
3255 1640
2147 1347
4453 8454
938 456
143 6120
3199 2071
2437 9485
5787 4637
9970 7134
3471 4944
313 2812
2203 2420
6064 1831
641 5829
2239 2972
5692 9144
1851 2304
1173 1692
1538 765
9033 2029
6934 571
5987 4265
3693 2329
9614 8087
7733 2015
8183 5133
9276 8200
3950 1756
5122 5681
767 5396
8427 8850
5712 7151
2353 1054
7052 9600
2245 8441
1287 4688
6327 9275
4713 3041
3793 4508
6983 2098
8517 8069
1337 1344
91 9704
8928 5025
753 3865
4215 7693
7648 2326
6974 7663
8843 9184
1475 4979
9596 2736
6663 8891
2132 4952
7065 6379
7826 5655
614 8084
9034 605
6595 991
9831 4463
1937 280
7570 386
5234 3826
4470 650
1016 7313
4533 4271
1462 6351
544 8697
1950 5061
5819 2938
2116 329
8989 6428
4986 6240
3110 9472
1361 6920
3262 3804
9059 3988
7840 5478
4409 3040
9465 8925
6851 9612
5316 4540
1415 2353
5185 9140
6968 5647
279 1943
1711 2072
7950 1221
2775 1722
4596 9625
681 5360
2023 8655
2465 3650
7060 3644
8391 2834
92 1769
5393 1073
986 9510
8445 932
270 3374
2103 8987
2352 9071
1914 1984
1985 8451
5290 7358
2675 8508
4 1109
863 6410
2481 980
4258 8505
4204 8032
5965 9481
4350 5024
7867 4099
1923 3503
9698 5106
4228 6283
7330 2488
4563 9063
736 602
3296 62
7269 5323
3156 8970
5657 2763
9495 5212
9111 398
3687 3800
3947 6942
2675 9667
7569 8481
4889 26
550 5246
1456 5469
1491 2164
7544 8492
1675 585
5576 2064
7875 2822
4296 9268
3254 8013
7583 229
7057 785
1077 506
3439 6624
2703 7952
7608 5484
3877 2268
9822 1672
8763 6481
8767 9980
9978 2032
2991 3247
2891 3416
415 1847
5174 8488
7188 1496
3064 7800
4275 4510
2680 8200
6945 7574
2603 4701
5415 2503
7909 6760
3355 5551
9648 1095
3599 8146
2023 1434
9019 4882
3281 1886
8654 4455
1992 8508
7374 9527
5231 3339
2602 347
1506 2229
9140 6404
3145 9704
2024 991
9363 2527
341 3908
4542 2378
6013 8901
1464 7987
4752 5597
7733 6021
2433 8598
8120 8587
9844 501
4116 227
9060 9031
878 9144
5620 5131
3898 4754
1007 9787
8470 5504
6724 5112
8638 231
9284 1230
2029 8315
9093 2248
1814 7591
7739 2495
7590 6010
9531 413
7349 8276
3088 3685
3143 4066
8975 1962
9570 3353
975 5306
3583 4481
4800 9551
5785 7438
7635 9315
3744 3113
8176 2487
6062 8687
4189 609
4346 5940
9907 8786
9584 6226
8676 6607
6526 557
7614 4979
6521 9749
9982 858
4394 219
3845 5876
70 7681
697 8423
7718 3337
1374 4688
8517 309
8130 4665
7971 7864
3396 900
1343 9518
4828 6658
7017 4557
2121 7309
1352 2495
9282 3756
8769 4986
4946 2547
4823 8901
1902 2487
4172 1284
3858 844
4457 6273
5940 6364
3596 9433
7032 9554
9337 7235
4760 2015
5949 8580
4455 7746
8426 4870
5764 4250
3322 9871
4506 7721
3413 6965
4284 1827
648 379
2382 2672
7130 7197
1569 5323
6481 8961
8875 5487
5082 2540
7378 5166
9518 6214
6419 8772
4133 4019
8584 4165
9473 3876
259 6620
1490 811
1179 1420
944 4756
9541 393
5359 1072
286 6691
1914 8281
1068 1008
906 2435
8395 94
3338 1207
1998 6324
2383 2610
7882 5880
9615 2659
9937 5033
9624 2724
5295 3286
5832 2720
9637 379
5637 9410
9839 3631
4788 4779
2147 3586
9845 1674
2913 2004
9111 918
9844 7545
9113 575
1407 6987
7378 9259
1337 6166
8320 1146
1532 780
404 1937
8814 1628
535 9394
1882 4045
1856 6171
1385 1572
4590 3363
3997 2224
7559 2169
6732 7962
5578 8603
8845 2740
8529 7724
6746 7216
2414 198
6092 3631
856 448
8246 2091
5672 7941
3044 7349
4424 5886
4500 1749
1116 9120
6793 7220
3474 8878
2206 9095
5586 4925
9831 1262
3231 678
4744 1916
565 2906
8734 7644
4527 2720
6443 631
2511 6556
2112 7387
3284 4260
947 6387
9573 8259
4990 2157
5949 2528
6470 1526
6014 7359
8359 2071
691 9113
9942 5323
7763 1243
1052 9834
7291 7816
6563 2555
3067 5487
6409 5790
6454 4837
3476 6771
8812 7361
2113 2119
7981 8733
3280 3167
8317 4771
3834 8748
1591 2027
6895 7869
7276 6482
8442 4781
3149 5944
6773 614
9397 5886
5556 8928
848 3575
8309 8997
3838 7381
2278 6262
6386 3273
1245 5811
974 8534
2677 2274
5052 4207
5371 8332
1906 7316
4275 9477
3374 9715
9959 7733
4610 1540
9911 6763
8498 6661
3199 1638
4606 9327
3263 8935
807 8452
2356 27
410 4448
9115 6485
3650 3752
4627 3105
6396 3947
6654 3776
8047 7484
3497 8702
9374 5140
959 1770
5471 2049
4299 6270
4238 1091
9767 4965
1278 3037
1280 1236
1108 5285
6853 9866
9548 2162
2702 1168
1117 2046
9406 3443
7601 2040
6830 601
6020 9788
731 9512
384 1388
6497 1063
3105 7049
3071 514
3513 7053
7983 9044
1062 7280
3574 7163
464 9581
3972 7445
3572 2052
1275 2849
4578 1266
4422 2370
4389 195
9707 7403
6657 2268
9484 2623
263 7069
542 2847
9783 9343
7872 9952
1975 8169
9091 5961
3480 6881
7462 4709
3044 6898
9125 1893
875 2633
2554 4565
1983 3476
7387 7523
6150 9469
1871 1081
4411 6277
7336 7050
6196 1370
4116 5860
5893 9734
4308 56
2992 5572
6057 9800
7855 7197
3785 3713
8626 8689
1691 1687
6496 2458
4763 4329
8586 9675
8117 4498
9034 6069
2237 73
2587 7033
303 1885
4880 1301
7659 5782
4746 4944
3995 6347
1660 7948
7347 759
562 6669
817 2218
7404 1779
9418 4052
2663 2487
317 5601
5904 8830
8193 4119
9401 7588
1996 4979
5482 2928
7406 4304
4020 4411
3293 253
5554 9522
9148 6398
813 2767
3725 9078
1870 7004
4939 2053
1732 2990
1448 1705
1196 3184
173 5872
6068 8192
976 5878
7990 2091
3033 2363
4367 5751
869 662
6776 6881
5330 1628
7086 5264
3161 1006
1231 7791
8472 3224
8989 1744
7686 1012
9867 3105
8908 1006
9891 6946
4778 8073
8443 9238
3457 6111
2613 5972
8754 3398
6191 7554
3009 4076
4627 5043
186 9440
6259 2680
4343 5034
7338 7519
8644 5052
655 8305
9875 2822
2856 7022
9579 7391
2156 4809
5155 1956
2364 580
8607 5943
4263 2910
3072 7330
381 503
6744 4506
4598 6538
7411 8296
6385 2833
1529 1962
4046 734
1737 9922
7112 9458
6833 9547
4742 269
327 9312
7 5179
4281 978
5307 5027
9619 2233
6470 3445
5926 5273
1598 5992
7548 4519
1965 9845
1585 3603
3340 4022
9994 9016
2461 4099
8060 1538
991 9755
1337 2237
9053 1115
4587 6090
7077 8780
4067 1363
6745 6666
7003 1623
280 4258
9779 3438
6568 3225
1592 9528
8848 4556
4596 6401
263 2082
8370 9533
8057 1040
8021 5263
8625 2331
2055 4755
9679 3484
4903 8467
2662 4644
5753 5114
9627 1501
3753 4803
3296 1637
311 4147
3673 1636
9052 1868
5761 7907
8302 8711
8785 1105
387 765
911 1287
771 6551
2324 8090
3886 1515
435 5746
4221 946
836 9263
465 3230
9946 8100
6204 8608
5632 173
8989 6535
3739 6729
3766 4154
5619 8044
1956 8727
5403 485
9341 2082
3226 7162
3395 2513
2733 3283
9806 968
4392 5360
7163 9763
6244 4803
6639 3186
8269 7307
8853 2071
7578 9819
6424 1974
5117 566
2749 8294
4015 8030
3293 3769
3040 4266
283 4172
617 6431
4681 8153
5437 7622
6703 1241
5747 7238
1770 1239
7876 4626
8882 5502
8945 6001
7706 4480
6105 9999
8933 4989
6635 8998
1090 1008
1186 5867
2414 1140
6300 2375
9342 3526
1580 7772
3716 982
2126 2690
3038 5981
9469 742
1434 8910
3204 5078
8308 4047
3093 470
2904 753
5399 4928
5302 995
7124 3657
8719 763
5942 2602
9085 9983
9821 3794
6607 8298
3327 8082
5073 2054
5227 6390
6917 230
1830 1581
5233 494
7034 4351
4090 1603
2331 362
50 900
742 3351
3383 4049
819 3355
2970 7301
7630 9060
7379 7567
2695 4753
311 5807
3539 364
5544 1447
984 6825
6368 2605
5511 4249
7403 1970
5947 7984
5957 1017
1428 8757
4051 1196
2378 8181
5579 184
2896 5392
2942 6637
4005 1106
8564 4195
8835 8912
8441 81
4499 7246
9178 3025
9488 8366
2127 4680
2733 2192
2180 5852
713 4710
4120 4342
9262 4130
2136 2040
9521 1763
7953 5634
4474 9974
2778 3341
5357 7138
2200 6646
2718 7920
5376 6876
9529 4978
8934 7384
918 305
82 1739
628 3469
2497 9217
6205 2905
3473 7665
8397 9847
126 1636
3480 2231
3773 4467
492 3668
4983 1740
801 5804
8169 6335
7169 9114
6495 4630
6189 4240
5716 9756
3193 2583
4733 5440
9889 4623
7576 4767
62 11
5766 736
9631 7281
4937 1806
319 1434
8464 462
3277 4126
5790 17
4335 7712
9868 4980
595 3302
1665 5551
9251 974
5210 696
3965 8252
7227 2856
722 9523
2759 4909
8373 2818
1874 6426
2613 9564
226 3790
9058 5651
5835 5159
8797 4233
4695 5208
1793 8349
8486 1999
8051 6126
8267 1904
2833 1231
3591 4940
1559 4679
2576 1640
4500 3719
2159 1536
6425 2198
9549 1164
8212 6186
6253 9524
8861 9785
2525 7192
4162 2918
4164 264
2303 6451
5761 6683
4513 9537
6088 9211
7470 7049
8980 8554
4599 246
4550 1598
4900 7809
1007 7323
1780 9147
3206 2392
2595 6270
4375 2027
6038 8251
4676 126
8547 8340
2063 9772
9708 1990
4632 739
905 6167
9613 2929
4106 8833
9844 3253
1362 981
8034 7535
1634 1706
9789 2496
9410 8214
1687 2504
2270 414
9581 4350
9357 1895
8746 153
742 5506
8106 887
868 5682
2468 6605
7206 8181
4872 3790
2832 2415
7002 984
5746 3445
7654 3541
7125 3127
7885 745
5070 7496
7837 2472
2319 3510
4331 9761
7124 3072
6341 4837
9335 7845
9101 5455
1348 1863
7453 4686
9618 1999
4023 3479
2670 2576
9080 8115
732 6964
1759 3912
4654 7958
2757 2484
2547 8484
6864 3658
1203 2269
2889 4667
3633 7972
5908 2559
5617 5457
5654 3192
9420 5100
2196 5451
7717 5151
5390 5434
9464 6994
7308 3816
8622 336
5400 7746
131 3777
916 2713
1117 7189
3202 937
5250 4815
9266 1735
614 1396
4082 360
6499 241
4391 345
4501 3681
9932 1787
4787 7898
2324 2725
1707 3735
2010 5297
1206 4375
1146 6975
919 187
1408 1425
1522 1028
8331 2910
2540 2512
2908 363
4937 1679
8315 8537
792 3665
7166 4250
1924 1977
7357 2737
8988 7091
88 9670
1286 9014
8509 4390
6045 1748
9337 7132
7185 7877
4433 1254
7334 2718
3717 214
1404 9911
5176 3439
3161 1864
465 6867
5657 8308
7883 4898
3775 4048
536 4291
5122 7007
2903 5128
5762 2496
5111 7964
75 7496
2011 1831
8140 6368
9425 9683
2754 532
7024 8388
8994 8954
2026 2223
6033 940
1169 5486
8856 119
683 5695
91 6691
3649 6009
59 3367
5349 3410
8768 8086
7772 1473
8343 1606
7187 7436
8992 4597
3523 6507
8924 3852
8886 987
3583 6058
7957 6318
7905 1571
176 3582
6316 37
4270 9730
635 3115
2564 7071
1254 9767
3726 2941
5357 2368
4078 1008
2324 2510
4668 4839
3551 5137
642 1013
1284 4033
2248 1242
9264 3323
9478 7760
2535 7885
3410 6870
4084 7976
3443 5852
5714 8986
1905 9836
6063 109
5793 1356
1580 8899
7156 5106
3863 4924
8981 9938
6740 6686
1776 2521
1281 1910
394 1504
5534 6350
9929 7724
2523 2487
6391 5822
9062 8389
4696 1630
9644 4065
5995 978
8893 779
5774 7021
236 7023
1413 4391
3712 1090
1305 2753
1144 7216
6047 9673
3547 3158
987 1275
8208 6437
2103 5793
4887 2360
7537 1406
8315 6638
4709 3425
7239 9742
7249 1149
1811 5407
3028 5417
655 1145
9319 1949
297 2780
8578 1499
7956 6058
8858 9283
6234 5740
1426 8463
3483 7776
4718 2398
5116 5877
1526 4382
2251 1376
3661 9030
4849 1532
7380 5442
957 4486
196 7956
8830 578
4078 973
7778 2091
8345 6920
6479 3145
7758 1684
3344 645
3089 3167
2054 1676
1724 9018
7904 6988
6483 2209
3729 5962
3151 4036
3255 7440
6495 6815
2162 8736
5272 4885
1653 8270
7468 4222
6131 2511
5656 5299
7287 7800
3806 1728
4138 9019
6970 475
1007 3464
1037 9630
2154 1486
8524 1253
5181 9088
9460 9902
2672 4859
6163 5345
1074 8406
6670 434
9844 6884
4643 7704
2133 5406
1239 4434
8638 6640
9702 8716
2318 9065
6404 703
9068 6507
495 993
1322 2531
5709 3039
2678 7975
9270 6761
8834 6127
954 3314
7648 4846
4339 979
4151 3756
9635 5037
9650 7156
4939 1126
9892 564
6204 2625
8559 3475
3325 2526
813 7608
6190 2139
3295 3871
7480 3358
9125 1225
7609 2852
5119 2068
3638 4851
506 2524
7906 4222
6913 2160
6878 5855
2739 456
6560 9598
6414 4824
4367 4043
3816 8650
8526 1192
3316 1605
3285 1376
11 2573
5147 4899
2200 3337
730 2826
967 2320
6808 5480
575 8101
3973 9066
7345 4748
7544 3779
9689 8275
3742 2675
4094 6564
1802 4820
7824 3232
4964 158
144 1199
8481 3100
2353 2865
6708 3153
9946 853
291 7618
112 1579
9160 4997
9317 8487
2924 1407
3784 823
7624 8983
3211 1890
1980 1218
5163 2283
989 7340
8298 1023
3 5953
8919 3974
5829 2162
1843 3024
30 4992
624 8230
2529 692
2170 9959
6495 583
7741 1136
4062 2819
6965 3981
2063 6484
948 7433
3419 7545
101 8314
9936 9720
4439 3313
9943 2633
454 3000
1124 9720
14 8907
516 2049
4895 4071
3651 3665
6726 3152
1014 9864
1427 4258
3026 935
3806 3874
270 5445
5645 8430
134 3637
6392 8772
1315 2079
7247 696
1887 6815
8505 8202
763 7722
7562 7729
7011 8256
8973 9324
8502 1730
9635 374
2299 6450
7780 6017
4026 7984
9432 9671
8040 2459
9318 5523
8995 5744
4182 8832
210 9197
4359 5603
1869 6936
1062 6079
9788 5432
7501 7231
2431 4407
1797 1932
1459 4907
7245 1368
4571 373
9409 917
1871 483
9681 1785
2024 8154
3486 4612
5908 6773
3653 863
7088 399
5935 7801
1216 8878
5220 5860
799 3355
9484 9847
8286 8530
5694 1921
9568 1865
3172 8273
4205 8193
5885 4133
3078 7944
6501 4228
268 9103
3144 4585
9576 6518
2122 4632
8796 4559
5442 582
7510 3088
9852 896
5820 7658
3761 2634
401 7079
1277 9080
929 1069
9888 7200
6054 2130
6730 4156
2364 8169
3058 5212
2487 7442
6094 3798
3963 7505
361 8681
9963 9539
7733 1508
3063 2911
3099 4996
2414 1180
9694 6685
6895 335
5400 2945
8393 9285
663 9454
2033 4661
9175 3400
9224 5901
2511 6351
6919 2439
6905 4866
5536 1446
2030 7178
4222 9064
4824 8444
6614 8989
4578 2419
7818 794
1630 9539
7344 7542
1879 786
3897 2032
1803 1081
494 3183
4091 188
6319 4805
9843 9709
818 1676
477 5260
3871 7379
1041 2528
2865 943
3666 37
6834 9705
702 4949
9305 3809
8398 6689
1003 171
5276 1220
2040 3638
3449 6861
9596 6046
1177 3381
2326 5682
1904 2930
8265 8623
6047 8419
4927 1828
6449 3620
1721 2171
2767 3081
9035 6640
8032 5996
8111 5618
1685 2424
4121 2888
4281 8543
7683 1927
2054 8273
7645 5277
2945 9587
2679 9687
8827 525
1905 3688
6972 3646
993 32
6509 6646
1865 3200
4200 7115
3490 8344
5596 2310
2185 4877
9577 4346
4999 3233
2724 75
7060 7325
7461 1027
1538 1667
1519 7154
4418 6024
1798 2757
1407 2782
1159 5063
4883 4829
614 7231
2210 2870
5461 7086
6042 6559
6882 2264
3840 2037
6821 7035
7967 8466
8302 7669
9035 4412
547 7122
7920 1622
7709 318
3027 4044
7065 1814
4897 973
6753 2574
8603 5348
396 6991
1375 3397
8374 9335
3803 9094
972 2555
6576 2358
8714 71
9886 114
2051 5627
9615 3550
6550 6520
1848 1689
6567 5357
6089 2514
4232 6628
1478 4418
1072 656
783 8187
4991 7322
4943 387
4650 2849
3307 8302
656 6952
9763 2827
843 4942
4188 3020
5925 3538
8741 2288
1107 3266
9299 5620
5179 1996
6562 1397
1616 3809
8990 8882
1207 9615
5043 3066
1583 2748
17 4523
2229 5597
3207 2767
3441 5563
7100 8325
6009 1714
8363 2789
9849 3432
4280 3492
3885 5886
5457 9148
9250 909
2951 5157
7473 9628
7354 1055
8755 88
7017 3750
2137 2618
380 7445
9821 2168
297 2512
7435 2678
747 7090
2343 3615
4435 2443
9754 4330
3509 2671
6062 1444
6303 9489
5932 3767
196 1117
9645 9
7616 1848
6545 6283
353 5690
528 4089
8609 9697
6879 2755
205 9241
9148 8382
6987 3335
7272 979
2556 2664
6437 9361
5255 419
4246 4908
4203 5059
2039 7702
721 7314
8525 5661
8685 603
9425 7758
6398 3987
6724 5379
5760 7632
2478 8424
4970 7019
3728 1571
338 1068
6558 9641
8749 4876
2687 1098
4276 1339
2864 4275
5012 8885
1623 8043
6205 9492
6234 216
1731 50
1425 4594
6282 1157
2396 960
2892 3201
5150 5522
7387 8271
1380 9397
2516 3301
8628 336
156 4186
6326 7843
35 9307
8232 8719
4304 765
7451 942
5507 9959
5154 982
7928 4929
1160 5323
7597 4581
2057 7622
3056 6383
4620 8792
2308 256
7424 4689
2178 6308
8322 8066
2824 421
6673 7829
8724 5908
3493 3066
3411 8916
5147 6550
1103 996
5207 4727
4638 6302
6195 9623
802 2440
5980 7180
6890 7750
264 3886
1936 8162
9788 5024
5599 865
4776 1263
6539 8771
2099 6479
259 4069
1841 564
8664 4757
4723 5267
9946 2040
7024 5005
4424 3673
8736 7212
2492 8490
1047 978
1173 3960
2245 2298
4490 3216
9841 8609
4363 9966
1050 2535
9849 3751
3994 380
7277 2673
8294 6592
9064 3173
2929 5773
98 8774
9038 1387
3396 1020
9807 6502
8464 8544
9048 9260
7222 2812
3027 1593
1686 8979
6301 8399
469 5345
4256 1630
4408 9695
732 106
1327 2669
710 4989
7392 6573
8668 4911
7285 6006
3512 4767
9963 2552
4303 6882
1009 8377
7223 6171
615 8503
226 3245
9429 3875
7448 3531
7690 1181
7041 1033
6377 3683
5015 1249
432 8185
2990 3329
1011 2172
6433 7189
5478 9673
5771 5108
1569 1076
9463 171
1956 1788
856 4730
1493 6956
8034 1861
1637 8389
3706 362
7628 5752
9179 1183
2745 6912
1300 8693
8488 2424
6346 8208
8441 5488
1904 7863
1542 9714
7833 1284
2186 8069
9103 4541
2445 3570
8077 7296
9875 4051
281 9282
4669 2743
7719 7323
845 9471
3521 2449
1668 3597
8212 57
5932 8120
1707 3034
7939 4054
2830 5467
3649 7536
7699 7351
7707 8068
4857 4959
4697 2377
2901 3054
620 8112
2425 2365
8852 3724
2078 7660
2161 6247
1588 1429
879 8428
1214 4795
3825 7121
1859 3942
2399 2572
4133 3879
339 9961
1767 5937
3342 1213
999 8148
9220 7143
1630 112
9051 9507
76 5042
7864 9606
3096 7628
5794 3785
7780 4306
7925 9323
4191 1980
2565 1055
9410 4054
8740 9033
238 1970
7910 1806
591 1424
2621 3574
435 1751
6850 1585
5540 1929
2788 3412
4697 7712
2170 4958
9830 5636
8040 4478
1238 3761
2349 1891
255 4163
1781 1377
477 440
5521 334
9538 3667
1082 9839
4895 3725
5426 323
2511 1479
1768 5889
6264 5956
5882 4501
4957 8396
9609 6346
4363 7320
5955 6635
7045 7944
2681 8355
5952 1802
9548 8693
2464 1630
9069 2307
144 5086
9083 982
8859 3178
6615 8143
4274 3243
42 1301
5018 3165
8050 1404
3575 9153
4289 1270
1551 3694
4796 7096
691 9995
1177 681
9027 1332
3939 3296
1155 412
8841 7018
3148 4694
4424 5469
400 9344
7880 8901
5593 4983
5527 9736
2054 6716
6677 8779
812 2140
2769 2742
555 2068
996 2501
3962 2454
4373 4132
2312 1008
3055 6846
1377 9813
7890 5932
3449 5894
3142 236
8729 9303
4143 9214
6465 8205
6886 1027
8145 8728
2478 8249
6946 6923
3334 8273
7898 9126
5816 1356
9928 1917
5813 6207
9951 5093
3149 7702
8095 2794
116 1970
8810 2583
5651 4445
6820 8361
7897 6402
6958 145
2001 6328
8860 597
545 700
7757 2274
7738 6286
1338 699
2773 1932
3910 5402
7351 6569
4997 3580
8886 9052
8944 9630
5970 405
7279 9880
4284 1775
9329 8124
2368 5881
1555 9590
2460 5209
6214 987
5866 1907
6590 7751
739 8442
8785 5827
5002 3806
7218 6978
2537 1878
7655 1883
6665 2190
1688 9611
641 3157
2848 970
1497 5096
5514 3765
817 4133
4723 2472
3016 2109
828 2970
1216 538
6359 5365
6543 1240
2959 5307
6057 3195
8372 3736
576 348
1461 7144
7288 4348
7147 4932
25 3796
3025 694
2602 8000
2466 1629
2935 1455
2390 2967
3688 9844
8132 3895
2712 4216
4030 8956
2058 7692
9650 1862
1249 6381
8494 1517
1243 6337
6117 4578
2386 1611
8648 9493
5697 4920
1183 401
2724 6048
3681 3379
1151 3451
6871 4810
1471 3141
2591 7997
3618 8761
2183 957
9000 1095
1010 49
7634 8835
7256 9389
160 2050
2125 4919
9020 7286
4224 4484
8888 9590
2043 9008
3434 3476
1297 9162
7552 42
6827 5632
5089 2602
5439 4148
5822 6321
8667 2010
1401 4830
3551 2076
4135 817
5027 1516
2032 715
5371 245
9684 8827
7595 6705
8417 392
785 4987
9742 1119
9746 6422
1212 1145
3243 5015
9532 3537
8220 3374
3703 6541
8948 364
6384 30
6840 2027
4317 2949
9319 4740
9428 5087
5271 161
6465 3417
2827 4766
5812 5602
502 9583
1623 6627
5427 2609
2648 109
8202 6887
1041 1221
6133 6835
8799 5303
2678 2338
20 7365
8195 4936
4988 2407
2000 6678
2218 9995
8555 454
2338 5646
7333 3692
672 4955
1712 6559
6636 3881
1684 1021
1991 716
276 721
895 8438
750 6764
1633 1586
6494 925
2168 2449
8653 9760
6246 3184
3130 5600
9531 792
9348 7139
6433 6260
3246 8049
7750 2908
3190 1929
1228 8667
1383 6500
6799 2585
3407 769
5245 813
2878 1861
8628 2883
6709 8801
1794 1989
5669 9738
7643 7499
9859 5161
8089 2261
1538 2105
13 8889
4870 1921
6672 2915
6655 1613
9482 4607
4850 2693
8476 9592
5887 6565
142 6528
7470 7300
2717 3648
9263 3878
4346 2198
3495 820
2269 8767
7108 6306
7554 5314
4899 4127
6315 7066
5785 5544
544 7238
3914 9246
2677 7499
4347 6276
182 9093
3781 4626
256 2096
6037 6059
3432 4986
6649 9067
6293 2571
1579 6539
3087 5625
5200 5276
4491 4264
7386 693
7884 418
395 513
693 678
1291 3668
9808 5329
3727 9410
1839 9477
667 6257
1520 1662
2031 2363
5805 9083
5333 9780
8337 897
3149 9728
8656 2852
1597 8587
2689 4364
7696 5335
2251 1882
317 8303
8405 5589
57 2334
4620 1408
2332 7020
5908 5361
8344 2460
2517 1895
9551 9336
8173 9218
4041 2534
4178 8619
2740 9514
6980 9845
888 3901
1456 1085
7359 1434
8351 942
8254 4670
853 6282
6076 5253
8013 6323
2743 6744
7508 4386
7250 884
7304 8970
5059 7356
6037 8141
2425 7200
3067 9912
2057 1563
8734 2272
6142 932
338 9000
5878 1654
8556 9593
1622 8846
3997 7242
9531 583
3142 8325
3349 1468
1370 5124
359 56
7534 1774
7783 9237
9419 9358
3389 1847
1126 3088
893 7318
6526 5694
8103 1125
5420 3901
7626 8136
6291 922
8635 1297
7705 1417
4591 5097
1406 7470
2873 5232
294 2054
7906 9629
2107 9271
1114 3808
6124 9083
4039 6994
301 1246
3460 3415
1414 8028
1866 5200
5978 14
2286 8873
4580 3788
6424 5302
4594 275
712 6018
1159 6669
8597 322
1441 2082
2320 9484
6338 831
7010 8254
1910 41
7104 777
2963 6411
4031 8461
5065 4531
3514 2386
646 6815
747 1534
4079 9519
8048 9915
2250 4154
3012 3527
6399 2180
1689 9467
9627 2689
7542 1694
8109 8415
874 6755
6142 8307
3422 5230
5285 3610
4535 1368
2091 9833
1681 926
6858 7583
6728 923
8251 8019
3619 429
1014 1085
9680 3594
310 9066
3990 4924
5502 1192
2497 1149
9579 1450
7638 1738
4706 609
3218 6163
3639 2355
5203 1428
501 8199
4709 2906
6939 147
4369 7796
3347 482
9012 3344
2867 7961
7193 5823
2638 2205
6881 9728
4228 2420
1216 1720
5191 3326
8691 3238
6233 7499
3315 3380
7974 3777
3386 860
5985 6533
1216 5228
6418 98
2084 5444
8602 6697
230 9906
1199 1810
2515 5948
8627 6143
3895 9080
1637 157
4665 2477
1984 816
5189 8397
5504 1655
4800 7672
2256 3924
6359 8171
7861 3056
7654 4164
6103 1661
2213 8882
7945 1159
2042 5324
1884 1762
9885 8710
7765 2385
1811 5770
969 7773
3018 8607
9477 3127
1506 960
3495 3626
9764 1100
4853 4189
385 4430
568 1174
3147 9699
9658 7169
1643 820
561 1844
1977 7226
1893 4874
3193 6265
378 4067
8251 1401
3655 9239
24 6770
7622 570
8606 8711
1216 5033
4597 5151
8271 2486
5002 2377
5575 2118
4491 4518
3366 351
5525 1841
134 6840
666 6932
823 3134
1542 4963
1313 9481
4621 3171
2626 6124
769 2950
7272 7044
2861 2348
1198 5782
7043 8915
8783 1140
6108 6817
1637 4820
5438 6845
5000 9471
5047 9811
4851 4685
1464 9678
7557 6631
2111 9762
1370 3434
2067 8460
2720 5257
3025 7734
1202 1943
7071 6896
4751 2588
8167 2442
9642 6292
8728 9236
3398 1139
8062 9128
889 1631
1901 8214
6641 489
5322 638
8808 7798
2986 8744
7296 3316
1068 2723
8953 3737
126 3426
6230 1225
9890 1566
4034 7744
6175 261
6638 5188
8577 6285
1649 893
9546 2624
8266 5003
3629 3066
4631 6004
400 8851
6630 8102
704 4357
3019 3087
9180 6688
421 8242
1098 1273
6626 9304
2383 9633
1202 9975
7522 1762
413 4996
278 3278
6799 4370
3734 8194
7845 3407
5606 6080
1409 6397
3425 2284
982 1172
6267 7283
5003 3452
1807 1474
592 9194
3925 2270
8667 7657
1046 2150
4317 6694
6471 6104
2142 8591
3318 522
7660 9099
2316 7871
8956 4742
4360 4278
131 3796
3801 720
1272 5737
9591 1807
3022 8406
1062 1801
5744 4780
9234 574
2165 1030
5271 6439
138 8876
3074 3367
184 1799
3826 1977
5596 8621
3392 5315
1575 1957
6129 297
792 132
3962 6953
2598 3639
795 3080
6500 1475
6662 9629
3554 3631
9318 2892
9085 1329
8963 7293
920 8555
5085 4332
3421 2784
9813 9655
1638 3334
7814 1832
2725 9920
3653 2877
6521 1290
4874 2075
4850 4607
9485 1373
5620 7016
9494 3164
7591 7907
695 3296
8619 9463
4459 4164
4786 1051
3973 8796
8130 959
1789 3219
591 1802
931 8471
1863 5257
406 8910
8700 8331
2938 4162
5418 4440
309 8890
900 1171
5359 4021
3961 2086
6915 4143
3322 7866
4308 9460
418 8613
2481 6262
559 5678
5123 9052
5765 1246
8198 8928
8577 2871
1463 5741
8467 9897
359 1527
942 296
4567 2430
1095 2631
8106 5053
9912 1752
4548 6040
852 7752
3139 1899
6530 1629
541 1141
7402 5364
1625 1026
8651 2184
6947 4449
2726 2373
8657 7939
1725 5006
5177 9201
9395 9533
1847 8123
2565 9561
33 8240
837 6764
5311 9069
8150 5346
4724 5678
1822 4166
6817 5846
568 4640
8013 8297
5189 2121
9364 1182
2282 2964
3071 5978
3446 1594
8356 8856
6259 6500
5235 9368
3085 4255
3096 1532
2084 2578
4612 5517
4435 6285
5474 3224
7997 2388
1327 3111
1269 2104
5823 5346
3281 1809
7769 471
407 9099
9332 553
4422 4178
7559 1612
3861 7483
8165 7591
7642 2105
9288 5702
202 4632
9459 3931
1066 6245
8609 1256
4177 6649
6425 5375
6860 4238
9772 5422
7679 3760
8290 8954
7722 8935
3437 9134
508 7221
381 71
1162 5506
9513 996
1943 8978
3013 849
6458 1922
4225 5679
5720 6263
5497 530
8072 5204
8506 9165
2336 619
6628 2393
2703 5023
4355 5099
2950 8142
3995 9143
3752 2084
1974 468
810 8438
8124 8711
4134 8931
2077 5921
653 7127
6065 7112
363 4257
3364 719
9032 7536
7118 4898
791 4729
1428 9324
6360 1964
298 4863
571 8625
4787 483
2098 3294
2208 8698
3088 5761
7096 7378
6836 5503
9835 6788
9007 4730
8114 6834
2208 9631
6312 8451
2 1959
2543 9318
3247 57
3369 4445
6601 7439
4555 5422
7105 3429
4067 5638
2068 1794
2389 8710
9381 3718
1898 3921
8748 2599
6404 3830
5309 1220
3257 9393
7416 7964
945 7985
6014 6335
2505 9099
648 6394
5626 3392
1788 5024
200 1754
8900 5138
8749 9625
7674 1316
6799 1947
444 3877
845 5866
8549 6465
4049 7236
3667 7345
951 4259
4220 8860
991 9565
8115 5314
6201 1719
6853 3944
2397 7053
5775 7650
4340 4704
7279 8282
132 5861
1860 4394
1761 5309
9910 9011
66 1011
8516 2097
9423 7248
3682 2135
3790 4065
2738 8019
5944 1137
2699 204
492 8403
2725 348
6768 713
5891 2011
133 2013
2366 1814
8337 3256
9500 3770
8814 3145
3769 6919
8211 808
8361 7697
3493 4085
2497 1375
668 38
9195 375
9455 7619
4155 4656
6941 3200
4559 5740
4916 1171
9971 1756
2617 5454
5796 1580
679 2092
1148 3905
2818 3248
1703 2334
2315 1378
8715 1379
4365 7052
3109 783
2723 4847
4677 1976
3483 3803
5024 2703
4714 3095
7975 929
5267 8767
5785 2544
4600 1955
3373 795
7020 8475
2573 8007
9380 1567
8505 6503
8564 3723
7790 4495
5201 5656
2388 1953
1279 869
2554 5628
6089 8056
9121 3510
1219 9547
7964 4637
8304 9208
3116 6912
9743 6259
1998 9475
2580 351
6614 2362
731 1631
267 573
2265 9227
4706 8121
2728 2273
2147 489
5157 4249
7678 6462
5334 979
3652 8189
2072 6257
6546 5237
1906 9294
6639 978
6634 1727
4564 3033
2256 5171
386 2112
3839 5342
989 6568
7506 5168
886 2284
4357 6572
8938 1159
405 2061
2315 5491
3881 2333
4580 4449
2548 844
6011 2469
7511 8674
1327 3982
4507 5606
9209 459
2706 730
7717 3256
5731 5031
3877 7546
9084 408
8041 8301
9718 895
7817 2167
6701 5624
6291 3348
7930 1754
7138 1936
5468 6989
5932 2560
5709 6711
2229 5801
2314 9136
2450 1726
2022 1355
7031 1557
1435 9754
6484 7346
6264 5271
9929 1044
7185 6892
5073 9302
6560 7993
7130 866
5860 894
4795 853
2883 2757
4222 7091
5262 2
6285 9578
1032 3180
9962 2696
2269 5183
939 5696
1650 3950
1804 3307
5844 151
3161 3674
7885 1251
7025 9795
7851 9805
2254 1692
1123 6027
6753 8263
5221 8797
7767 4847
8649 2151
7045 1603
7318 329
3944 6468
768 8705
818 7631
710 523
7056 1478
5029 5986
2489 9865
3532 4955
498 825
7570 3534
410 6146
154 1604
2113 253
1246 2604
125 4425
5490 1060
1228 715
4027 8230
3815 4715
6134 4488
791 3478
3707 3929
4063 5826
5610 2221
5631 8648
6064 3246
8390 3267
5500 4346
9741 3370
8582 3366
5400 4167
7833 5813
9143 481
8837 1837
3558 3619
8893 9272
3307 4425
5471 3664
4049 6434
6346 260
8555 4926
2636 7050
586 3717
2919 9445
4293 1049
3378 7016
9206 6028
5980 2245
856 9001
2816 2319
2728 1387
8201 6287
2768 8527
829 6466
9410 4976
2319 2935
1314 2770
3845 4256
5977 5358
4705 263
866 7757
8555 2038
9407 211
2785 4325
5459 6516
7741 9065
5437 7451
691 8725
7671 9013
1225 6324
3175 7268
9552 5800
5907 9692
439 7797
6634 1695
8064 4677
3194 8585
2215 29
6946 1376
689 8337
6536 8860
9044 94
928 5167
5559 7701
8140 2079
6703 503
8737 4447
9941 7922
8608 318
3911 5754
4622 8839
4447 218
7247 2793
6019 9048
8744 9282
2870 5921
5018 2043
5887 541
2108 3035
1268 9166
2947 8347
1369 737
3204 4675
6340 3993
1673 7774
6514 6441
5982 354
4525 8347
7332 614
8866 551
7986 801
996 2248
1287 9825
4088 7008
6286 8552
7349 8448
4768 6969
6824 820
5124 7341
8313 476
3637 6019
4118 8344
6609 8891
3892 8511
3707 9132
5696 5630
8273 3262
3459 754
4793 2518
5240 458
8644 5104
4639 7627
1493 3302
4326 6655
6839 2276
176 4766
6337 738
3939 1526
8222 7359
7547 267
5934 7264
2479 883
2043 1279
6906 5347
4984 837
630 8393
2457 5467
4354 1021
565 4921
771 9983
2528 4880
5880 8278
673 8751
1540 9962
2822 2471
2245 8532
4181 2438
5796 8363
3591 5103
2320 689
9658 5002
2083 2634
7954 9328
2404 6768
4576 7286
7432 8086
1604 4491
6997 6811
6152 6573
2047 7067
4491 274
4400 2974
4677 5117
1310 9005
2009 9830
943 7334
5054 110
2306 568
5323 1299
9349 8379
8075 2542
2528 2748
2440 4249
8790 4432
7590 4969
4010 36
1571 1843
1717 9405
6374 1833
3667 1977
3546 3982
3097 1156
2669 2983
1500 211
4635 3571
2093 172
4187 8536
7223 9325
5321 6644
4315 5469
9699 3132
1707 1749
8713 3334
5745 9948
3564 9913
4822 1164
2593 5349
8813 8988
988 628
8449 9147
6954 1826
1434 1780
6021 9620
8240 9828
9247 9526
489 4220
3678 6052
558 9732
2271 7750
380 2944
3555 2984
5306 7528
1318 2199
3461 3943
8000 5461
5827 5822
4537 4157
5962 4413
2222 2161
5172 1859
9470 3986
7484 6739
866 8725
4092 8213
2718 678
1546 8097
9317 8237
9142 8071
8775 7932
5066 2288
5792 2388
1968 5033
177 8323
2716 7466
608 6991
7936 2480
8285 8942
9390 7278
9688 4910
8882 8975
5703 5585
2297 6972
7983 8480
6243 7767
5889 3329
8748 6243
6010 2369
8005 4594
2525 5722
2378 546
144 4356
8236 9148
371 5115
9467 3423
6459 2153
3248 8516
6126 6305
2594 1120
8051 7217
1619 6090
658 2453
5785 689
1586 2784
9206 6528
3411 5704
6399 9847
1129 720
1144 8928
2892 4553
7479 8620
7786 1817
6345 2509
121 3901
8552 2258
6131 7561
3993 4438
5987 5567
1347 844
2605 3960
8547 9980
4554 6096
1453 760
212 2607
3001 2474
5756 2412
5148 1180
7360 7548
1614 3546
3983 4353
3990 8522
2248 9779
6076 370
4272 1497
1127 412
1514 2349
4001 3059
4777 2230
4888 4035
8427 8960
9979 5660
1301 3070
3045 3823
9074 3436
1878 9871
2451 5394
6577 6724
1394 1750
1334 2643
1689 2762
3806 4604
8229 1843
764 1765
9922 3544
65 3188
5012 586
4852 628
4974 4783
5902 7659
5696 640
9078 4415
5677 3923
3620 909
209 1642
7 5336
5916 6491
7182 585
182 8357
4262 93
6186 1816
2620 5408
664 5459
1215 7557
9327 8091
9484 6794
6605 4199
4719 3043
6613 2147
8825 3749
6128 1590
9939 6000
6473 2374
6176 9206
3022 8681
1617 2364
3311 5045
662 1530
8361 7421
1453 343
2151 7649
6834 8637
1810 3792
2534 1444
9248 385
5908 7618
5690 9898
2128 3159
6577 4546
7377 1900
5351 1503
2750 4622
2694 5164
7964 5116
2485 3993
3026 5303
9688 6551
588 84
6242 277
7236 1308
2383 1967
9065 4953
308 1697
3390 5671
224 2263
2388 8912
629 1924
6591 5599
4346 2533
4108 7356
6591 657
9580 1620
1517 7105
7067 1417
9887 2394
6155 5776
1412 4043
8635 1724
3143 6432
1839 3856
292 8248
1059 7010
700 1571
8950 4126
1757 648
8001 4437
1984 927
7600 1460
8723 2399
1938 9459
3666 4331
830 8427
2070 3329
1642 277
5290 5267
296 6269
6337 5056
495 224
2419 877
2541 2566
2497 1936
4874 8889
7115 7735
5602 1584
7445 4021
1898 7933
8252 4890
6913 5318
33 7938
4022 1504
8369 4370
8305 6346
1710 7409
3249 6052
1007 5561
7467 6034
3530 3851
4272 8587
1057 2698
2408 8840
943 553
8940 3136
1368 4986
6661 7388
3234 8320
1474 4275
2019 7818
4718 2743
3850 2642
6946 6361
3032 7491
2025 720
6399 6944
9638 2455
1630 4792
5828 8421
2528 3535
3355 529
652 3683
9785 6724
2182 4582
7152 9767
1918 2789
5200 8140
9561 8572
9355 184
2530 8734
7336 7835
2318 3047
5924 3332
221 569
4415 7390
3132 4289
2134 3164
1926 313
6389 292
2469 5693
252 1342
384 124
4704 1067
9970 7352
39 1142
3256 1282
586 183
7064 5882
1625 6197
3757 4921
2990 3843
3088 6024
5076 4176
3297 9582
5290 4348
2454 2120
1478 2109
599 1126
255 4519
2846 3610
7777 1561
5034 395
7679 6158
5435 5924
4647 3926
8247 4826
255 1669
4098 7668
6832 903
9604 2366
3934 242
8151 1688
362 6326
8135 2950
1668 3689
1804 3181
4815 4537
8108 9132
9675 9187
7223 7231
5472 3366
2097 6650
4701 9323
1665 2498
6483 8586
5858 8292
3660 8721
5763 7369
199 4858
6589 7201
7147 5007
6219 6772
1073 2578
449 3949
6325 9320
9231 9022
1644 5132
2489 8649
5249 6641
4586 1860
5152 3551
1417 7790
2111 9246
9134 7285
8437 9729
3011 9429
5566 9699
7750 9930
3271 8260
8203 6446
1086 1887
1812 8328
2976 9116
8188 9953
7131 4350
8604 2078
5427 1731
502 9100
4746 2462
3402 9368
1568 180
75 1739
8529 2409
6113 5668
3141 4405
6739 4039
1812 531
55 1725
2114 2267
4542 9362
2779 6695
6026 7584
1225 1617
337 5595
4635 3763
3552 3492
5616 9961
6719 7035
3840 2085
2119 4467
559 8972
599 7235
5589 9840
1864 6042
1713 4483
3828 8754
5240 6664
7026 2744
6916 187
5763 3112
8960 9890
2292 9514
280 1009
7032 2221
3607 4230
6882 2133
3286 5291
3159 7793
8466 7059
1480 8734
5047 5534
98 1008
8368 484
3921 3539
1273 9816
3484 2777
6407 9775
6585 6088
9036 5420
8966 1707
9395 2615
5221 4426
30 2614
5267 1793
3146 1669
8057 4620
7173 7069
4458 386
9042 7982
4031 1261
1718 7168
5307 7672
2048 5570
305 5642
1831 9637
2182 9605
3107 7142
1013 3181
6143 3923
5789 5004
6489 2644
270 1737
1569 5492
890 7927
1618 2432
6310 615
3273 3718
1172 9127
1342 3848
2980 8070
2594 8442
7053 1470
9837 7645
7640 4045
6127 6817
4751 2353
9418 1248
7165 8515
8294 3852
6272 5962
3078 9782
7943 8166
6516 7448
6294 9244
1227 2348
2511 5317
3652 9939
5720 9222
419 8513
7808 9130
9079 1071
2793 4210
2226 8963
388 4990
2448 3201
4190 3556
6802 6097
1659 6302
515 7045
9251 8495
9486 348
3614 7472
3388 9325
2545 3819
6569 876
9062 6612
168 8197
7552 8008
1369 4319
480 5027
8327 9104
6791 9008
134 7267
9380 2693
1747 9065
7474 9275
2234 5504
6675 3070
3429 8853
471 772
5540 5666
515 4484
1624 1013
4210 3039
4645 4090
5422 5263
1360 1550
5463 6253
2511 5363
1951 3703
7502 4382
2360 3188
1946 867
1288 3659
923 1087
8212 3633
2554 94
8689 6922
7627 1614
2593 4688
9546 3619
7775 1334
6896 2600
3082 2003
6596 9785
9562 4105
3374 9208
7445 1774
3193 3125
6204 2506
1469 9594
1445 126
274 4795
4705 4137
1702 8399
6276 6657
7807 4001
2191 3295
5614 5348
4500 8886
1331 5132
8433 4201
1632 8683
1130 5325
7059 6797
6953 6651
5860 91
4322 5919
4726 3222
6326 8725
9052 572
1916 2438
8272 9613
6604 5499
9523 7557
6168 2144
1725 6347
1478 3333
4724 8802
6437 8764
6661 7664
1373 8921
7226 3618
2100 8462
1472 4264
1484 5145
9792 6332
7312 8993
9987 9403
7736 2340
6122 1274
3493 1076
8112 8403
8753 1070
8701 8936
125 4495
4188 493
1151 371
1308 3879
4536 2016
5012 9393
906 4313
1322 4396
180 9049
9131 5735
3990 2658
1088 1906
7596 6653
2319 5264
8485 127
2232 4293
3717 5575
1220 3205
1910 9637
626 3395
9904 1453
1849 4213
2824 7593
4863 5964
7628 7300
4741 4240
4309 4392
5279 3458
7295 4404
7102 2847
2316 7450
5616 6366
1989 5340
3352 610
2929 6348
3400 6962
1759 1752
3951 5704
6352 3983
9626 4625
2875 527
1047 6083
4621 1370
6532 9713
3311 9415
150 5363
8932 5747
2160 1420
5411 3493
2386 6702
2502 1741
1981 7728
2941 3462
3904 1680
4838 4737
9760 2723
9377 7784
9132 4422
5980 5289
5661 524
2458 6560
7970 9468
2659 8210
3251 5071
994 2666
8973 9507
4399 2653
561 9778
1625 9726
7768 2702
7470 3902
8178 1455
5766 2189
7307 5889
7566 4701
6873 1379
2194 3747
1880 6048
391 4927
413 6847
7849 3878
3946 5637
5785 9759
5814 9779
6764 1638
4058 7398
9993 1342
2527 7488
6293 7134
6857 1267
4936 2300
1181 9696
9600 1773
8577 1968
5339 5390
608 3176
4740 9466
4092 3787
2426 8994
1936 1949
3653 4053
9422 4516
9696 5114
5407 8405
6261 1606
732 9023
3906 5889
2109 5614
9998 4603
9228 9323
1363 6448
2099 7691
4171 2110
6473 6257
7145 9209
8211 9157
2165 6078
7527 4572
8925 4027
8451 3140
740 7130
4196 3542
9297 1387
2474 6008
2769 6396
2923 232
1944 1318
6832 7651
3833 7427
2234 363
308 929
2748 5573
6639 5103
5917 1627
8123 2364
1590 7749
647 1110
311 7416
9548 8187
4028 414
1300 193
2907 7634
7251 5763
230 695
6310 694
5393 3345
3680 4377
3458 6392
8963 6732
9895 9849
933 8042
3665 380
1382 4285
2017 3440
131 1214
2042 9470
5174 7337
5478 5022
8273 676
401 8107
2604 4494
7783 7825
6321 6123
6528 1994
2041 1771
3317 6917
9325 8204
5989 6054
388 9840
7905 7747
6625 7932
2739 1680
2925 5402
8489 8922
2559 223
1017 5754
4891 5450
1748 6881
8039 8873
9939 4694
5568 7891
2044 9803
3786 439
4784 6371
1814 8342
9410 2628
7694 4002
6283 1188
54 6708
11 245
1399 5276
5273 800
8443 2520
4543 8321
194 1393
4903 4158
6076 1451
1789 8791
9118 9673
5322 3839
2307 5684
1092 5803
2979 5881
4148 9731
4339 375
3267 62
6462 605
793 314
3336 7863
1346 5817
5193 9105
974 8158
6691 8089
2632 5704
2324 9234
636 8077
3497 1080
3676 9455
1599 1807
8738 2292
2011 206
7710 8736
2631 6257
6534 3517
7727 4208
5905 3233
4309 7228
2738 3553
1039 4911
3987 9135
227 653
5997 3471
1490 3154
4503 1652
9823 451
5454 7460
2091 2986
9756 7417
6170 1195
7351 8218
9888 1775
8270 1087
993 5450
8843 8532
7463 1960
5116 1480
391 4567
6112 8949
5519 1378
732 2724
4351 5960
8911 4754
9268 542
3233 819
7050 5999
8960 1181
5654 4798
7771 16
6163 6392
303 5044
6476 5997
3198 121
1439 254
4368 2601
9735 5016
2302 7185
2577 1827
5181 5675
3640 1426
5760 8311
6622 3
814 4104
8953 6331
1388 8531
8606 894
7904 5044
4751 8679
1944 7633
7706 8821
4398 2952
2590 8846
6576 9712
8755 2312
7852 1734
2469 159
8834 7993
3387 2792
1063 3257
4776 2948
9218 3700
5354 7000
290 9727
1683 1643
1794 1825
6793 5190
1173 70
2718 3763
6418 5567
4372 1105
1284 9548
1851 8538
9969 1787
1655 1032
5820 7820
9909 8220
6629 2081
5940 3814
3949 4156
72 2591
2736 8687
555 6521
194 6732
794 1520
1791 5214
6083 8274
4659 1655
1548 8516
1410 5992
3413 8314
1567 392
3922 608
9004 8964
3844 2377
2973 3542
1790 5848
2445 7460
6077 5880
9077 5887
9040 6895
2507 539
3965 3442
2700 3905
2232 4583
2979 3610
8631 9496
1349 9021
3617 6365
5840 26
5037 2414
724 865
528 9903
1037 862
5927 7636
8854 3648
7371 810
6250 1944
8121 7870
155 8293
921 2514
2426 2576
5784 4087
8042 1888
6086 1468
847 1236
4041 4319
1791 1526
587 6370
3675 2631
6787 904
2010 3591
6966 9215
122 1389
8752 4423
2801 2595
3809 7865
2843 2131
3886 5510
9200 3958
6147 9551
8315 3954
2187 6589
1738 2026
84 4998
2257 9676
6778 9105
5169 3147
5845 3368
6855 5925
5979 3081
640 2530
9255 4452
6715 2924
5281 3792
3411 5110
5618 4947
2320 6140
1664 9519
7840 7476
3780 9840
3487 1174
3450 1538
9966 5316
8707 1312
7735 4486
6467 3211
5275 5204
4142 176
5209 1339
3659 9485
615 6858
6476 4811
3114 2540
3848 3935
4182 219
6840 5854
4019 1087
9924 1725
6311 4810
3322 7024
3114 1068
6410 9377
7915 4819
6697 3074
5067 728
6443 2802
8634 7289
6084 2279
2360 1401
1606 463
7698 9724
1512 192
1911 7286
6850 610
424 2585
4908 2143
462 3725
351 1180
5243 8861
1392 6957
4952 5025
9364 1032
1141 8139
3994 5489
1154 5954
8372 4188
9516 7703
1380 1887
1695 564
1257 8457
5066 2696
7618 7840
5111 1070
5734 6118
9107 9231
4845 9272
3967 2018
8579 6245
4654 7826
2878 8354
3852 510
1459 9799
2151 8546
8972 7804
7766 3460
5606 592
2577 6829
2879 1337
6395 2322
9727 6432
7242 930
6850 5527
114 1313
8990 2844
1579 5038
2882 9395
6721 9761
3735 7048
6340 9020
842 4673
2890 1573
9430 6938
2971 4131
1659 4445
974 945
3620 8521
2126 7669
6651 2427
4071 3632
9934 8884
5846 5440
6016 3590
4450 5363
3037 9081
2128 3926
34 9665
6365 8832
839 7202
7612 2596
9975 7155
8402 1370
2885 2462
8567 6938
140 8104
9528 7589
1696 2897
9325 6009
9315 272
3345 8883
5979 3401
2691 7146
3743 2547
8938 4446
1192 7868
7448 6831
1531 1606
2082 5639
4620 3500
4976 8821
2044 3525
832 7956
3964 744
9353 4379
6194 5943
5868 2219
6389 5798
5145 9889
564 5322
4711 961
596 2665
4451 9914
3669 5890
6505 5433
4971 2878
5380 2454
8567 7990
1057 2311
2343 275
3499 3519
8960 1105
2413 8350
6178 1286
69 1892
9859 5072
1097 4176
9605 3019
2517 929
1956 7231
107 2069
7492 3506
4508 8002
1796 2829
9603 4307
4570 9664
875 530
1736 247
7590 9545
6274 7661
5686 2686
548 8538
4422 2256
6618 29
257 6045
4853 7221
5274 5908
3470 324
7524 8832
2741 7706
3654 4793
9828 1304
6593 8713
9973 2022
9660 5681
1581 448
4878 2514
21 4146
305 6595
3615 1762
536 150
9438 5515
582 9922
1369 6373
5402 7406
2645 782
9767 8288
9804 1743
5889 1801
1933 3433
623 5836
1155 6020
8801 6570
8291 4353
1034 2464
4366 7199
6413 339
2643 6161
2229 9273
4935 7732
5853 980
5777 1024
650 7881
8070 9315
3260 9404
5927 7829
1991 8040
5313 8686
5473 485
8176 8925
3109 6078
339 4541
880 5288
8635 814
1030 1523
3607 6123
3795 7904
2735 39
2923 7401
3159 6774
5766 9372
2676 5083
6286 6830
7098 7257
2567 6511
9218 4679
16 2028
9826 5280
3866 2411
1895 8232
8483 9722
3758 7001
4670 6103
3498 1106
1970 2121
1775 3158
2908 1606
132 7612
7734 4650
4245 5092
2310 4947
9217 1077
4223 806
8663 8701
2855 3672
12 5032
1501 7056
5876 4745
1310 3279
3688 9178
6862 2679
2096 898
9048 4470
9965 463
3575 688
663 321
8418 1652
3534 7272
4827 9408
9663 7210
7876 5206
5251 5133
6120 2306
730 560
4001 4224
5807 4738
8151 4394
4059 1671
4936 6532
96 1644
8318 2821
3473 923
4718 1936
4873 8768
3587 8922
3184 8393
1839 7610
3398 1474
4719 6371
6923 7319
2153 6676
703 3737
4111 9890
4569 1006
9354 6987
8452 6499
1710 1961
753 441
233 7951
9528 3407
6068 6725
8507 4680
3311 7059
643 1510
5097 9528
5145 491
984 7841
9565 1953
1443 2030
8436 3353
1762 3403
5738 3397
1715 2480
720 4695
9731 2647
2688 8516
822 3274
4931 878
6653 1295
9228 632
7788 1241
7124 5182
8042 3338
8678 7588
6221 1592
6598 1341
2082 5348
6411 1648
2424 1735
8030 9594
1899 7194
1659 3722
3201 5216
9 1643
1347 2569
2292 2894
8483 2537
356 5372
7291 8971
1374 3089
8745 9925
4522 4735
10000 2956
8672 1037
1994 1123
1041 3211
3473 3107
6816 2919
626 1852
2619 282
6667 3517
3531 722
8106 1809
2948 9730
7286 117
518 8997
9026 2622
6749 4715
1666 1285
1124 3554
8326 401
1829 9103
3942 7826
954 442
1612 7034
3085 3833
488 4483
9415 8895
1982 2690
9622 573
9843 1828
2695 4439
253 9982
6450 4958
3934 8011
2893 3614
1499 9433
4831 5518
2564 287
2294 3589
2322 3162
7557 562
6191 6286
4639 2987
356 129
6061 6194
1896 3153
3614 9028
6933 8563
6807 5574
4147 5760
4018 4713
7248 5194
4827 4602
78 6394
1994 5122
2176 22
6164 858
4998 5564
6457 2555
6194 7045
3166 1883
5721 815
2598 9492
5478 3775
9357 5004
1270 9565
4807 6415
9675 3903
1718 6672
8180 2942
5196 4143
4418 821
8898 260
6302 2133
124 7438
2470 2930
6404 1639
2535 8910
6404 8575
957 5412
2602 301
6903 7070
1149 7741
257 4858
9618 7172
3190 7923
7601 962
1664 1124
712 9054
202 4008
1143 1700
2148 2541
1017 4399
975 8786
4680 2568
9514 5253
1519 6516
3296 664
4377 2588
7582 4920
1055 5881
6120 546
6322 2458
1687 8662
5319 2408
8819 1378
324 3636
719 7432
338 5784
7464 2589
1952 1408
7672 3144
1556 7958
7818 7796
408 1951
8338 1846
9344 3839
1537 5470
6519 1686
230 6986
9586 544
7977 1720
2246 3640
1891 6149
2401 6876
2109 7340
5390 6519
3371 7980
1456 2380
3770 1722
8990 4112
8009 2159
2339 7409
9701 9811
172 6599
2647 563
1256 971
2633 3022
5155 7142
2871 1803
2888 8742
2801 2260
2616 2263
3200 86
1909 9782
4725 8609
1737 1007
7901 5391
695 83
7154 7503
914 1749
466 2295
2573 9672
5542 7408
9301 5289
6930 3153
3770 9208
2883 9345
9366 5693
9028 1847
2452 1890
615 7819
4495 3011
9689 5348
9901 55
981 355
6651 3150
5008 2586
4688 9090
8779 1315
1745 8681
1674 659
8220 3619
8679 2372
9296 5336
9610 3826
2868 4963
2837 3187
1482 760
4919 1759
8060 9254
5692 8382
1547 1155
9086 8572
6837 9823
5914 1843
5658 3791
8980 9914
9855 360
1355 4996
5286 7950
2128 2103
2265 5057
9234 8725
4779 3815
5290 8173
1423 1517
8262 4274
824 2738
2080 2917
4408 5989
898 4329
5055 1193
5178 4845
5203 5300
3528 6519
4151 2766
2796 3310
6676 3334
6429 9170
2441 6170
9294 4460
9940 5316
452 8578
9909 9463
7748 3985
876 1220
2115 2549
4337 6301
2274 3201
1299 1335
8211 5126
331 7276
4676 4237
4028 2349
5818 4342
9986 1213
2585 1564
5668 5488
2671 9369
2937 1841
4753 9429
8078 5590
1828 8041
6192 7957
3383 3828
5147 8277
2705 4600
2581 7779
4535 6208
6161 7775
978 8899
102 5773
4840 107
7049 2043
3391 901
6431 8765
3362 213
570 3583
6532 9847
9728 3765
3144 7086
1590 4897
706 4611
6101 9466
2372 1980
2868 7937
2817 1706
776 1513
201 2689
960 2848
572 3226
6988 8258
3819 2593
4672 2740
1086 3825
8062 2013
7802 657
6214 3500
5494 548
442 3657
4302 1186
1879 8247
9982 4134
9911 1954
9280 2424
6115 6759
5499 1868
6330 1878
816 6038
7057 2186
9661 2648
4304 5839
7966 1202
1790 2229
9546 3389
3003 2778
7822 6739
6030 1798
9252 8494
912 4937
1697 484
7402 8489
274 9233
7440 4345
1072 599
3181 7466
3880 4818
1663 7790
9472 5037
6027 7377
5875 3233
8737 2734
9779 4499
477 2498
602 4232
8573 4609
486 8690
2901 4109
3674 3997
9760 1975
2139 4445
2152 9018
4115 3568
8804 6526
5941 3965
6697 8555
5095 8048
6462 6507
1243 6655
7633 6846
4504 183
4404 9317
6518 7172
7354 1143
2152 2442
2023 9254
4660 326
8077 1924
507 5666
646 7046
303 1414
6500 2903
7569 3623
4670 2063
2336 4567
5406 5766
7274 6622
5687 5268
9474 5873
3973 116
6372 5161
8734 3544
5022 684
8641 7860
5699 5007
451 3808
8464 5323
5650 8845
2599 1657
3542 7502
79 6341
8806 9878
3878 8175
7494 9911
3732 5621
8263 3243
7540 6701
8567 3705
9598 2127
2490 2616
4146 2663
7162 3137
2951 602
2585 7526
6369 1243
4109 6394
1279 3793
8502 802
8180 9248
7127 2486
1517 1999
5528 5903
4954 4737
2703 4258
2145 6720
4865 4239
8341 7571
9177 4985
5454 3586
7487 8236
4058 8032
2303 7455
1066 609
7590 5562
9113 4551
6789 1569
6308 115
3682 373
2987 9499
4309 2199
6874 6950
7271 6356
8113 1521
7719 7154
800 8134
3058 2474
7705 4915
397 1840
20 1885
1033 3888
3832 3416
6758 9707
2300 410
1724 8565
7597 9327
1577 6680
8594 3681
1526 1643
5795 87
8050 7557
3401 8769
5777 7226
5411 804
6367 3321
251 5234
4972 3012
4341 419
197 1981
1974 2402
7613 6516
7356 7143
767 6760
8545 1294
5464 5302
166 5181
8349 4587
7790 6118
3088 4113
5177 6105
2037 6759
8333 9074
8959 6403
9830 2729
4047 2319
8695 2769
4655 4064
9931 5333
8522 3020
8643 6249
2610 7322
1229 7448
3162 7287
4480 5542
1701 1479
6591 2812
2626 3079
5743 4112
6863 2291
9372 9154
9572 6380
1819 2890
7401 1603
8861 9091
6027 9671
4307 1493
6463 4928
2802 512
3308 5736
6044 4955
6651 995
4986 8606
1049 6488
8104 7855
828 4529
8363 213
2198 7723
1887 828
5058 9033
9340 4231
6632 997
3999 3397
5322 9418
129 3591
614 1026
2547 5301
8283 9336
2835 5961
6390 2703
7747 3193
8213 8968
7673 406
5647 8816
5650 3263
8510 2379
8545 9319
5465 1413
3437 3269
4195 877
4352 5108
6372 3504
126 1266
1759 1196
6546 8062
2472 1357
82 8967
3753 9268
124 213
5463 8014
1492 371
8675 6781
478 2733
5672 242
408 6595
135 9197
8181 8993
3318 1984
3285 8060
8514 2289
7365 2818
2448 7786
4147 6217
4534 1655
8804 8358
4217 4913
9008 863
3465 1620
3748 8512
4809 2081
1214 8708
4523 4107
9983 3882
2853 8417
8455 892
8769 1871
4626 2679
8785 9187
1112 9607
2231 5394
315 44
5468 7849
919 1243
5210 8729
8644 2414
465 2131
9440 1708
876 3390
9997 4628
4312 6092
9628 4521
6473 1302
1303 6809
1693 2019
8780 1505
8530 2647
1296 5470
815 8526
2296 9373
7853 9475
3659 1190
8535 5878
7688 8058
2312 6977
363 992
8356 5583
3563 5245
9110 4533
4577 7559
393 8821
5907 9431
5057 8307
7454 7774
2359 845
8290 10000
82 2149
2570 2456
7386 9681
2806 430
4954 1561
2313 7999
4014 2204
8948 8338
5165 7073
2241 8937
2914 392
7305 7915
7956 4235
1092 3931
9633 1663
4715 3364
9153 97
8378 4228
5080 1299
1756 1921
9507 3773
9028 771
716 7622
8579 3840
929 1552
3101 5429
2996 6881
2765 7864
4493 3151
8982 1836
2199 3726
3672 6957
336 3073
7044 7482
4344 9920
5714 9731
481 2750
1929 5365
9467 9010
1031 282
6483 5545
1234 321
3310 2023
1344 1909
8372 1060
4734 6982
6018 6869
7097 6178
9992 708
7908 6856
4174 8540
325 9313
2118 1933
4342 1697
5400 7575
2415 3596
2105 9968
1170 9783
7843 203
2085 5021
4546 8910
7852 7663
4176 1776
5560 4351
346 8378
6375 620
867 9822
8792 9192
3087 1566
7949 6808
1301 7330
3038 1794
5322 5041
9334 9726
6235 1987
4693 9537
4298 9678
8041 7101
6201 4428
4748 2737
7196 3282
1701 3641
3142 7511
1928 9734
6729 4077
5183 557
6442 9329
7565 8404
123 4483
2120 4573
1725 673
6573 1332
289 980
9143 378
4187 6821
7748 4261
5225 8758
9164 8839
8032 4915
2310 9604
9363 2485
1982 1355
1706 679
9117 6644
1066 1607
7285 8573
6838 1506
1862 3011
4479 9777
3592 968
2176 5743
8784 6176
5733 1403
8522 8455
254 925
1770 7638
2423 5382
8474 455
845 6704
7485 8231
8977 1688
8192 8731
2753 6272
7404 1964
7235 571
6412 8652
9173 9614
8552 4681
9284 4503
287 2113
1579 5598
3800 3213
3361 2683
5948 1728
2195 7611
5358 7171
9467 8938
3483 6904
4583 8006
2046 5001
6933 7662
2765 7979
4493 6889
2311 2456
9223 116
4094 9321
6542 886
7044 6812
3297 4291
1055 9616
7899 2030
4701 8039
2417 5900
2786 2366
6423 2181
1583 31
1287 4978
588 8013
7518 257
4881 7796
8351 1668
6180 583
8220 627
494 2684
1616 7234
3067 2949
4337 3742
9941 6357
7704 300
9274 3967
9554 9854
5519 6447
3152 9528
1892 116
9723 9315
5795 7805
473 8850
4843 8676
9386 5180
1683 522
7949 8150
8074 3232
9994 7870
4953 6959
2446 7484
2301 6846
9580 6483
416 1627
8695 3120
6538 3644
8760 4619
1190 245
5597 3547
6373 8056
1097 2821
5505 3536
8191 4016
1169 203
3696 14
2150 6170
6869 3316
8393 2850
5197 648
9678 8711
2372 6782
7090 6107
1995 3951
7642 2513
6082 1136
1872 2676
8892 9454
5096 2597
1168 415
7389 1298
1064 1548
908 2533
3583 7141
7771 9074
1027 6204
2472 4343
6494 4276
142 725
4804 6977
4126 6442
8254 2499
3737 6632
4285 3830
5249 4425
934 8213
70 7911
8116 1422
5903 9481
5717 8840
8317 9487
497 2450
5842 473
8040 1712
1246 4999
5336 1957
7266 1499
2755 7616
5435 1209
2658 235
1078 2161
9936 2657
1367 3205
1174 7812
8595 140
8416 234
2958 600
6009 8745
2595 3350
648 9151
8984 7046
5807 8469
1120 4156
5761 132
2930 2774
2101 9
8234 334
7245 8463
9923 2859
3914 4891
9192 5826
8666 2610
2420 8383
8873 3404
655 6784
3817 7866
6105 3386
2377 7644
1699 9839
646 1566
3783 1308
2930 2479
2731 3536
8700 4797
9317 7652
2394 5751
8951 794
9666 7953
8944 8667
1493 3797
5260 8446
5509 43
6586 975
5508 2137
3326 2105
6263 3930
1368 7690
1040 669
2289 1910
1211 9711
8946 8559
4681 727
3564 9282
8658 2441
4010 6680
79 4652
8620 7429
7937 310
8061 9668
6477 2822
8153 5673
1671 8442
1730 9469
5429 4256
3873 3395
5878 6463
2441 1755
8627 9025
6974 8390
7026 5095
7354 2671
2977 4360
6694 5068
2709 4331
4723 3077
8362 971
1327 3672
1967 2448
265 3817
2092 4261
4394 4143
4171 6598
352 851
3095 7220
9745 260
5498 3151
3831 3227
681 6847
2686 2584
6819 873
9337 1279
7457 1323
6957 9948
1397 36
7301 5215
2444 2966
7603 5231
7540 6219
2983 9679
2221 5501
6772 7934
1668 1323
9950 442
9403 5998
2721 2596
5498 188
1866 9214
1206 6133
401 3912
3139 1295
403 1439
7287 8232
1925 4866
2641 7367
2738 3933
9830 7917
1602 4412
5360 3820
2589 2191
5193 2777
5193 3042
8974 8289
581 6453
4386 6930
2586 7946
2688 7741
8501 5237
8073 9393
5873 2759
4967 4238
564 8398
5923 8266
1661 1913
1303 2346
7050 481
1274 7937
1453 3479
6152 9289
2889 7859
384 9865
7313 815
6904 4547
1575 1806
5674 8116
3136 9466
7551 3636
9879 9178
7836 2775
5329 2881
5368 4392
2049 7235
2139 7902
1654 2232
1990 2765
2545 2081
5641 9628
5043 8494
5500 69
7455 6530
5764 4183
4111 5042
4279 490
446 5227
8673 7930
513 6918
7981 8309
5011 7353
9011 5652
4849 4470
5500 7351
8376 3410
6105 5474
7147 8280
2502 27
6245 7818
9469 6116
2712 6406
9778 1771
6004 286
2053 6444
692 278
5266 9330
6694 1324
9214 6836
8532 2334
597 7390
882 2250
1226 2675
7768 8986
6895 6223
8569 2917
4342 1561
6137 2398
4013 7856
1764 2113
5449 1375
5038 553
8819 8493
8593 3073
9706 8708
5718 7488
4097 6707
3780 8175
5026 966
8829 7185
9411 8018
4591 1699
9859 1675
6884 2729
2963 5518
1608 9451
1835 2082
1404 8476
2722 9756
2951 303
231 6550
3718 7884
335 1124
4827 86
1253 694
7973 8401
1184 6748
5516 6455
9558 6632
9587 7800
4774 8816
9791 9798
9715 1464
608 4992
1411 4729
5417 7762
4932 6410
4837 2687
6525 8880
19 4490
4789 7633
7299 7805
4640 403
5191 6197
794 7217
5691 8803
1689 1933
9259 8399
8572 524
1287 8336
3733 1446
7606 1855
8645 4382
5 7742
2144 3272
2375 1462
8763 5380
2491 2458
5332 8821
3237 7632
3618 9670
9137 1456
2258 4271
1663 4887
51 1653
5295 2013
624 3185
2381 6725
5431 7553
6326 3101
3528 7300
2372 3832
6850 5742
6439 2661
6218 2046
2195 6412
639 666
6877 1972
2153 1659
3833 3487
2705 7278
1235 4085
1952 468
9022 1455
2084 1202
7924 9964
3162 4558
3291 6550
3130 7925
8736 271
5326 2414
477 2899
3678 8802
5207 937
7041 2854
7344 3508
6846 7841
565 4087
4317 582
6059 109
697 8410
5186 2559
2494 3964
8034 5794
7156 7799
7591 620
7550 4325
1912 599
7632 9796
9903 830
8046 4866
3665 1138
5916 5987
2902 5926
67 8257
9790 9272
6222 7347
6380 9140
8095 6538
7258 9122
2833 9599
7286 455
6392 1231
9723 1120
512 6598
9656 859
1330 9368
7449 72
2823 3371
475 3167
6199 466
2203 183
6226 9697
8385 8774
5755 6911
5035 8699
3095 453
2939 2185
813 2330
2639 8591
9690 5271
8723 9380
3188 7578
9434 545
3812 673
8344 2860
3349 3994
6869 1343
4321 8911
7706 8454
8392 2759
2427 518
3636 4098
3955 3572
2749 2814
7005 3329
7453 5115
1022 2200
5103 8491
6963 1079
227 8695
2228 1967
6042 1876
3853 908
750 6552
9141 534
2263 5333
9333 7816
3682 6812
617 4625
6444 8277
7331 8938
2483 6624
791 8634
1368 2717
9698 6402
369 7782
4103 181
2363 2390
2173 994
530 4128
526 4086
1545 923
1211 4572
2416 2263
1232 2729
5285 8861
4633 1174
2324 8602
6999 1519
2475 2447
6741 5133
2825 6465
9110 2773
3724 7906
9732 1951
8285 5237
437 6205
6861 4420
7799 9193
4768 7636
6201 9846
3989 7478
2978 417
1533 4046
5327 9759
906 1911
6271 8306
2796 1700
7936 707
4004 122
4234 8944
8006 1439
2597 6991
8547 6997
7627 2249
1418 5962
3839 5527
6454 1312
5257 2473
6494 3604
2808 1227
9569 3565
5411 8239
6681 5797
8070 599
209 5453
3541 1399
6369 4190
6620 8688
6284 4554
31 3223
9894 5555
4509 1807
4415 580
7894 5918
7225 7090
7850 9770
2268 5618
1857 962
9890 6538
1559 7379
2052 6119
8361 9812
4945 4348
963 6433
519 9618
7280 274
6859 6273
5787 3934
421 1135
5973 3761
2584 468
7061 6947
1976 9533
7484 1258
1553 4151
1750 4406
516 4042
2073 7975
3040 3193
2604 8591
6340 6685
2747 9340
1551 9206
7621 2009
2221 357
711 5341
5838 1618
1117 1409
3093 1552
5697 7313
4958 5165
6861 439
9007 1083
75 3808
7317 7047
753 79
1410 8814
4204 1952
1935 4207
7555 2460
5109 3757
2183 17
3820 1875
3059 5964
9846 329
660 4752
460 8114
680 4027
7801 110
8233 9256
2617 3950
9956 6160
3201 2176
9100 1357
5390 3755
5533 9530
1457 1665
4752 2626
6578 6531
8104 17
4180 9686
1039 4087
6340 181
9529 3235
1215 3938
7546 9551
4808 182
6593 5918
6762 6402
7879 9026
7310 4534
836 2282
9818 8492
4372 2067
3868 7506
840 6430
1499 3752
7434 7464
8194 2631
953 5264
2370 1112
3779 3808
6368 7369
3760 5845
8456 2113
8170 4468
4453 8885
3300 9951
4845 1466
9340 614
7182 1462
8393 1682
236 1976
2104 5451
1230 626
5418 8483
4374 9892
8689 7215
759 6052
6030 6429
816 198
3283 7682
17 9476
2856 2014
3096 5241
7716 2576
636 4699
8793 5266
2401 4644
7120 5582
7922 2633
5470 4233
4176 8983
4556 2145
6787 4252
923 1146
1750 2983
5014 9725
535 776
9301 574
4340 1964
5069 6014
4209 7495
918 3736
229 4135
580 9250
7473 3587
8763 333
2231 3400
9020 2502
3374 2314
7294 474
5615 4790
4746 3011
1462 1442
4009 9057
7396 7418
4296 3020
3510 1464
5971 7197
6342 6383
8720 2435
886 4024
3041 2662
8937 6171
7191 2603
2591 4793
4327 9670
4925 638
4959 7132
2858 7340
6883 1145
6487 537
1152 6548
1808 8114
8821 5545
2287 2697
422 2654
8234 1271
232 8343
7194 2908
6661 9760
1329 423
2787 5491
3559 9505
5381 2834
534 1595
3040 8559
9523 2924
610 637
648 2197
4742 6201
1676 2984
9018 7684
6941 7281
4064 5742
9150 4081
6446 1924
994 5451
369 31
7131 892
1352 8662
5020 3786
9025 7767
3606 1176
1280 6561
2472 2152
1223 2742
2598 505
2678 4485
1243 7236
2672 313
4707 3709
8327 4390
6292 6199
987 7220
8294 3828
1436 825
6257 3700
4636 1745
3100 8988
9589 6227
4296 6973
7931 8128
2229 2028
5514 6026
3514 7084
4988 9795
3592 4399
9051 9117
6612 7783
597 3310
7762 1566
2575 3582
5869 9383
9253 6794
8414 6059
5050 982
9431 8104
6901 3955
264 2330
5878 1088
7181 1880
5893 2466
1285 3689
2889 2120
5221 4690
6841 5371
9965 6668
5127 5300
8980 4590
6271 969
2661 1587
7307 9265
785 3319
836 3502
1564 3220
7830 4348
539 9008
6231 858
3333 3447
7057 178
689 5828
2053 7519
507 1578
7797 6369
7967 5610
9338 4728
1474 2970
2062 1610
4478 9456
638 9653
6256 2608
4604 21
4398 6304
627 9363
6105 412
6811 8232
2326 1356
9494 3216
7287 8825
8655 3819
8948 9437
7329 3752
3105 1912
7214 6183
2454 1275
5870 4480
3607 8853
1031 143
2381 2718
3133 8400
7792 2733
3303 5782
9289 8735
7073 922
718 8902
5464 8192
7206 6837
6472 9727
7017 8083
3730 4226
6151 6746
7799 419
4969 9192
2713 5530
8982 562
864 3589
5768 4821
722 4530
6335 2077
2645 736
1724 6858
9156 6042
5215 6624
9905 410
4424 1840
8413 446
6783 6195
8190 6874
156 8828
6243 3288
3107 1842
7972 7597
4995 2500
837 195
2954 1052
7732 3783
5742 7230
7572 1752
6199 2931
1550 9434
6581 3586
1619 9206
5734 9468
1380 3074
1507 6398
7304 2042
1061 2232
1007 214
7937 7130
2035 667
863 2481
1688 8941
719 523
207 730
7035 7889
5278 8194
7526 8007
5989 7382
3751 5816
1898 5830
8649 6899
8868 9732
9183 1831
9512 5293
1276 4039
1728 7884
4928 2699
9757 4413
4404 5519
9822 4732
9041 1350
1853 3471
9658 7465
4576 7016
2738 5712
2195 7593
119 6652
5717 9852
2168 8324
6460 3190
4731 5455
9178 5732
4758 5822
8750 1264
6217 5723
702 2727
4397 6284
5482 7329
569 203
5769 5111
5225 3362
8244 8315
7796 5664
4852 3953
2700 1129
9143 8562
330 375
8772 1084
8533 3818
10 8850
3731 7967
2366 1902
1225 6035
3316 4722
151 6089
4697 3254
6036 3913
1549 4804
655 2313
3894 1277
3135 775
3368 877
3222 7440
8890 2162
4884 3262
548 1520
3542 914
3311 8310
407 549
8434 4396
1022 6858
3749 8291
9282 2398
1286 1018
8035 6572
3124 2548
4565 9281
3700 1303
7528 1139
2730 4768
6628 3316
7315 6781
3648 2083
108 6977
2526 6143
2609 2424
1591 2653
819 5633
8100 4358
2398 1638
5699 6477
6615 7529
193 1601
1738 8580
1902 2741
3983 2160
2767 8750
2427 105
6505 644
4573 2116
355 3826
3295 5447
6511 2338
9288 2326
5244 439
8543 1303
6109 4518
670 7732
1392 2329
5047 1325
2680 2897
2308 9396
5259 6631
5481 33
3910 2079
746 6644
455 7774
9816 8826
1986 5982
8200 6816
1833 913
2035 6963
5917 3995
836 3936
540 6151
6352 2936
734 8399
8752 2292
9263 1177
947 7430
2153 3998
5023 8843
1661 7239
919 5329
1842 401
211 2189
6072 5758
5657 2756
3073 1949
6513 2714
3168 1418
8958 2493
8431 8206
9478 4995
9007 2589
3515 5114
2740 5291
847 7370
2088 2469
1266 1874
8539 1077
3882 2812
522 4582
1819 4323
4485 2160
3470 3800
5690 948
5781 6288
8781 78
7973 912
5543 1625
5824 6953
7746 812
626 8915
4154 2440
6064 3194
7848 7944
9401 7821
43 1875
6336 4714
7303 3725
179 1785
6804 4011
6054 4741
2568 6479
5609 7862
7304 6868
5320 420
467 1895
5725 7862
1258 6376
1679 2167
6488 340
9877 7956
8284 2246
2236 1171
5910 4530
9834 7452
848 926
1219 1716
9767 1932
1602 7537
336 4026
2619 940
8479 7120
3660 5838
2918 4219
4483 6659
575 2006
5680 9292
8955 1273
487 7138
995 6585
9416 1862
7832 2364
726 7245
1131 3079
381 8857
3006 2524
4689 7112
1787 9435
1334 5606
78 9682
3958 4184
4182 5454
890 4890
5469 507
820 8987
8845 642
5254 6703
1375 7415
88 8186
1795 7641
404 2795
2001 4688
1957 3439
8580 1530
7003 6924
4445 9026
2186 8903
7370 7990
2152 8813
9070 7533
343 9383
6204 7410
6225 1457
4833 6555
989 3316
2538 617
1223 9487
5251 3833
2822 7159
9482 690
