6667 9999
1 2
2 3
3 4
4 5
5 6
6 7
7 8
8 9
9 10
10 11
11 12
12 13
13 14
14 15
15 16
16 17
17 18
18 19
19 20
20 21
21 22
22 23
23 24
24 25
25 26
26 27
27 28
28 29
29 30
30 31
31 32
32 33
33 34
34 35
35 36
36 37
37 38
38 39
39 40
40 41
41 42
42 43
43 44
44 45
45 46
46 47
47 48
48 49
49 50
50 51
51 52
52 53
53 54
54 55
55 56
56 57
57 58
58 59
59 60
60 61
61 62
62 63
63 64
64 65
65 66
66 67
67 68
68 69
69 70
70 71
71 72
72 73
73 74
74 75
75 76
76 77
77 78
78 79
79 80
80 81
81 82
82 83
83 84
84 85
85 86
86 87
87 88
88 89
89 90
90 91
91 92
92 93
93 94
94 95
95 96
96 97
97 98
98 99
99 100
100 101
101 102
102 103
103 104
104 105
105 106
106 107
107 108
108 109
109 110
110 111
111 112
112 113
113 114
114 115
115 116
116 117
117 118
118 119
119 120
120 121
121 122
122 123
123 124
124 125
125 126
126 127
127 128
128 129
129 130
130 131
131 132
132 133
133 134
134 135
135 136
136 137
137 138
138 139
139 140
140 141
141 142
142 143
143 144
144 145
145 146
146 147
147 148
148 149
149 150
150 151
151 152
152 153
153 154
154 155
155 156
156 157
157 158
158 159
159 160
160 161
161 162
162 163
163 164
164 165
165 166
166 167
167 168
168 169
169 170
170 171
171 172
172 173
173 174
174 175
175 176
176 177
177 178
178 179
179 180
180 181
181 182
182 183
183 184
184 185
185 186
186 187
187 188
188 189
189 190
190 191
191 192
192 193
193 194
194 195
195 196
196 197
197 198
198 199
199 200
200 201
201 202
202 203
203 204
204 205
205 206
206 207
207 208
208 209
209 210
210 211
211 212
212 213
213 214
214 215
215 216
216 217
217 218
218 219
219 220
220 221
221 222
222 223
223 224
224 225
225 226
226 227
227 228
228 229
229 230
230 231
231 232
232 233
233 234
234 235
235 236
236 237
237 238
238 239
239 240
240 241
241 242
242 243
243 244
244 245
245 246
246 247
247 248
248 249
249 250
250 251
251 252
252 253
253 254
254 255
255 256
256 257
257 258
258 259
259 260
260 261
261 262
262 263
263 264
264 265
265 266
266 267
267 268
268 269
269 270
270 271
271 272
272 273
273 274
274 275
275 276
276 277
277 278
278 279
279 280
280 281
281 282
282 283
283 284
284 285
285 286
286 287
287 288
288 289
289 290
290 291
291 292
292 293
293 294
294 295
295 296
296 297
297 298
298 299
299 300
300 301
301 302
302 303
303 304
304 305
305 306
306 307
307 308
308 309
309 310
310 311
311 312
312 313
313 314
314 315
315 316
316 317
317 318
318 319
319 320
320 321
321 322
322 323
323 324
324 325
325 326
326 327
327 328
328 329
329 330
330 331
331 332
332 333
333 334
334 335
335 336
336 337
337 338
338 339
339 340
340 341
341 342
342 343
343 344
344 345
345 346
346 347
347 348
348 349
349 350
350 351
351 352
352 353
353 354
354 355
355 356
356 357
357 358
358 359
359 360
360 361
361 362
362 363
363 364
364 365
365 366
366 367
367 368
368 369
369 370
370 371
371 372
372 373
373 374
374 375
375 376
376 377
377 378
378 379
379 380
380 381
381 382
382 383
383 384
384 385
385 386
386 387
387 388
388 389
389 390
390 391
391 392
392 393
393 394
394 395
395 396
396 397
397 398
398 399
399 400
400 401
401 402
402 403
403 404
404 405
405 406
406 407
407 408
408 409
409 410
410 411
411 412
412 413
413 414
414 415
415 416
416 417
417 418
418 419
419 420
420 421
421 422
422 423
423 424
424 425
425 426
426 427
427 428
428 429
429 430
430 431
431 432
432 433
433 434
434 435
435 436
436 437
437 438
438 439
439 440
440 441
441 442
442 443
443 444
444 445
445 446
446 447
447 448
448 449
449 450
450 451
451 452
452 453
453 454
454 455
455 456
456 457
457 458
458 459
459 460
460 461
461 462
462 463
463 464
464 465
465 466
466 467
467 468
468 469
469 470
470 471
471 472
472 473
473 474
474 475
475 476
476 477
477 478
478 479
479 480
480 481
481 482
482 483
483 484
484 485
485 486
486 487
487 488
488 489
489 490
490 491
491 492
492 493
493 494
494 495
495 496
496 497
497 498
498 499
499 500
500 501
501 502
502 503
503 504
504 505
505 506
506 507
507 508
508 509
509 510
510 511
511 512
512 513
513 514
514 515
515 516
516 517
517 518
518 519
519 520
520 521
521 522
522 523
523 524
524 525
525 526
526 527
527 528
528 529
529 530
530 531
531 532
532 533
533 534
534 535
535 536
536 537
537 538
538 539
539 540
540 541
541 542
542 543
543 544
544 545
545 546
546 547
547 548
548 549
549 550
550 551
551 552
552 553
553 554
554 555
555 556
556 557
557 558
558 559
559 560
560 561
561 562
562 563
563 564
564 565
565 566
566 567
567 568
568 569
569 570
570 571
571 572
572 573
573 574
574 575
575 576
576 577
577 578
578 579
579 580
580 581
581 582
582 583
583 584
584 585
585 586
586 587
587 588
588 589
589 590
590 591
591 592
592 593
593 594
594 595
595 596
596 597
597 598
598 599
599 600
600 601
601 602
602 603
603 604
604 605
605 606
606 607
607 608
608 609
609 610
610 611
611 612
612 613
613 614
614 615
615 616
616 617
617 618
618 619
619 620
620 621
621 622
622 623
623 624
624 625
625 626
626 627
627 628
628 629
629 630
630 631
631 632
632 633
633 634
634 635
635 636
636 637
637 638
638 639
639 640
640 641
641 642
642 643
643 644
644 645
645 646
646 647
647 648
648 649
649 650
650 651
651 652
652 653
653 654
654 655
655 656
656 657
657 658
658 659
659 660
660 661
661 662
662 663
663 664
664 665
665 666
666 667
667 668
668 669
669 670
670 671
671 672
672 673
673 674
674 675
675 676
676 677
677 678
678 679
679 680
680 681
681 682
682 683
683 684
684 685
685 686
686 687
687 688
688 689
689 690
690 691
691 692
692 693
693 694
694 695
695 696
696 697
697 698
698 699
699 700
700 701
701 702
702 703
703 704
704 705
705 706
706 707
707 708
708 709
709 710
710 711
711 712
712 713
713 714
714 715
715 716
716 717
717 718
718 719
719 720
720 721
721 722
722 723
723 724
724 725
725 726
726 727
727 728
728 729
729 730
730 731
731 732
732 733
733 734
734 735
735 736
736 737
737 738
738 739
739 740
740 741
741 742
742 743
743 744
744 745
745 746
746 747
747 748
748 749
749 750
750 751
751 752
752 753
753 754
754 755
755 756
756 757
757 758
758 759
759 760
760 761
761 762
762 763
763 764
764 765
765 766
766 767
767 768
768 769
769 770
770 771
771 772
772 773
773 774
774 775
775 776
776 777
777 778
778 779
779 780
780 781
781 782
782 783
783 784
784 785
785 786
786 787
787 788
788 789
789 790
790 791
791 792
792 793
793 794
794 795
795 796
796 797
797 798
798 799
799 800
800 801
801 802
802 803
803 804
804 805
805 806
806 807
807 808
808 809
809 810
810 811
811 812
812 813
813 814
814 815
815 816
816 817
817 818
818 819
819 820
820 821
821 822
822 823
823 824
824 825
825 826
826 827
827 828
828 829
829 830
830 831
831 832
832 833
833 834
834 835
835 836
836 837
837 838
838 839
839 840
840 841
841 842
842 843
843 844
844 845
845 846
846 847
847 848
848 849
849 850
850 851
851 852
852 853
853 854
854 855
855 856
856 857
857 858
858 859
859 860
860 861
861 862
862 863
863 864
864 865
865 866
866 867
867 868
868 869
869 870
870 871
871 872
872 873
873 874
874 875
875 876
876 877
877 878
878 879
879 880
880 881
881 882
882 883
883 884
884 885
885 886
886 887
887 888
888 889
889 890
890 891
891 892
892 893
893 894
894 895
895 896
896 897
897 898
898 899
899 900
900 901
901 902
902 903
903 904
904 905
905 906
906 907
907 908
908 909
909 910
910 911
911 912
912 913
913 914
914 915
915 916
916 917
917 918
918 919
919 920
920 921
921 922
922 923
923 924
924 925
925 926
926 927
927 928
928 929
929 930
930 931
931 932
932 933
933 934
934 935
935 936
936 937
937 938
938 939
939 940
940 941
941 942
942 943
943 944
944 945
945 946
946 947
947 948
948 949
949 950
950 951
951 952
952 953
953 954
954 955
955 956
956 957
957 958
958 959
959 960
960 961
961 962
962 963
963 964
964 965
965 966
966 967
967 968
968 969
969 970
970 971
971 972
972 973
973 974
974 975
975 976
976 977
977 978
978 979
979 980
980 981
981 982
982 983
983 984
984 985
985 986
986 987
987 988
988 989
989 990
990 991
991 992
992 993
993 994
994 995
995 996
996 997
997 998
998 999
999 1000
1000 1001
1001 1002
1002 1003
1003 1004
1004 1005
1005 1006
1006 1007
1007 1008
1008 1009
1009 1010
1010 1011
1011 1012
1012 1013
1013 1014
1014 1015
1015 1016
1016 1017
1017 1018
1018 1019
1019 1020
1020 1021
1021 1022
1022 1023
1023 1024
1024 1025
1025 1026
1026 1027
1027 1028
1028 1029
1029 1030
1030 1031
1031 1032
1032 1033
1033 1034
1034 1035
1035 1036
1036 1037
1037 1038
1038 1039
1039 1040
1040 1041
1041 1042
1042 1043
1043 1044
1044 1045
1045 1046
1046 1047
1047 1048
1048 1049
1049 1050
1050 1051
1051 1052
1052 1053
1053 1054
1054 1055
1055 1056
1056 1057
1057 1058
1058 1059
1059 1060
1060 1061
1061 1062
1062 1063
1063 1064
1064 1065
1065 1066
1066 1067
1067 1068
1068 1069
1069 1070
1070 1071
1071 1072
1072 1073
1073 1074
1074 1075
1075 1076
1076 1077
1077 1078
1078 1079
1079 1080
1080 1081
1081 1082
1082 1083
1083 1084
1084 1085
1085 1086
1086 1087
1087 1088
1088 1089
1089 1090
1090 1091
1091 1092
1092 1093
1093 1094
1094 1095
1095 1096
1096 1097
1097 1098
1098 1099
1099 1100
1100 1101
1101 1102
1102 1103
1103 1104
1104 1105
1105 1106
1106 1107
1107 1108
1108 1109
1109 1110
1110 1111
1111 1112
1112 1113
1113 1114
1114 1115
1115 1116
1116 1117
1117 1118
1118 1119
1119 1120
1120 1121
1121 1122
1122 1123
1123 1124
1124 1125
1125 1126
1126 1127
1127 1128
1128 1129
1129 1130
1130 1131
1131 1132
1132 1133
1133 1134
1134 1135
1135 1136
1136 1137
1137 1138
1138 1139
1139 1140
1140 1141
1141 1142
1142 1143
1143 1144
1144 1145
1145 1146
1146 1147
1147 1148
1148 1149
1149 1150
1150 1151
1151 1152
1152 1153
1153 1154
1154 1155
1155 1156
1156 1157
1157 1158
1158 1159
1159 1160
1160 1161
1161 1162
1162 1163
1163 1164
1164 1165
1165 1166
1166 1167
1167 1168
1168 1169
1169 1170
1170 1171
1171 1172
1172 1173
1173 1174
1174 1175
1175 1176
1176 1177
1177 1178
1178 1179
1179 1180
1180 1181
1181 1182
1182 1183
1183 1184
1184 1185
1185 1186
1186 1187
1187 1188
1188 1189
1189 1190
1190 1191
1191 1192
1192 1193
1193 1194
1194 1195
1195 1196
1196 1197
1197 1198
1198 1199
1199 1200
1200 1201
1201 1202
1202 1203
1203 1204
1204 1205
1205 1206
1206 1207
1207 1208
1208 1209
1209 1210
1210 1211
1211 1212
1212 1213
1213 1214
1214 1215
1215 1216
1216 1217
1217 1218
1218 1219
1219 1220
1220 1221
1221 1222
1222 1223
1223 1224
1224 1225
1225 1226
1226 1227
1227 1228
1228 1229
1229 1230
1230 1231
1231 1232
1232 1233
1233 1234
1234 1235
1235 1236
1236 1237
1237 1238
1238 1239
1239 1240
1240 1241
1241 1242
1242 1243
1243 1244
1244 1245
1245 1246
1246 1247
1247 1248
1248 1249
1249 1250
1250 1251
1251 1252
1252 1253
1253 1254
1254 1255
1255 1256
1256 1257
1257 1258
1258 1259
1259 1260
1260 1261
1261 1262
1262 1263
1263 1264
1264 1265
1265 1266
1266 1267
1267 1268
1268 1269
1269 1270
1270 1271
1271 1272
1272 1273
1273 1274
1274 1275
1275 1276
1276 1277
1277 1278
1278 1279
1279 1280
1280 1281
1281 1282
1282 1283
1283 1284
1284 1285
1285 1286
1286 1287
1287 1288
1288 1289
1289 1290
1290 1291
1291 1292
1292 1293
1293 1294
1294 1295
1295 1296
1296 1297
1297 1298
1298 1299
1299 1300
1300 1301
1301 1302
1302 1303
1303 1304
1304 1305
1305 1306
1306 1307
1307 1308
1308 1309
1309 1310
1310 1311
1311 1312
1312 1313
1313 1314
1314 1315
1315 1316
1316 1317
1317 1318
1318 1319
1319 1320
1320 1321
1321 1322
1322 1323
1323 1324
1324 1325
1325 1326
1326 1327
1327 1328
1328 1329
1329 1330
1330 1331
1331 1332
1332 1333
1333 1334
1334 1335
1335 1336
1336 1337
1337 1338
1338 1339
1339 1340
1340 1341
1341 1342
1342 1343
1343 1344
1344 1345
1345 1346
1346 1347
1347 1348
1348 1349
1349 1350
1350 1351
1351 1352
1352 1353
1353 1354
1354 1355
1355 1356
1356 1357
1357 1358
1358 1359
1359 1360
1360 1361
1361 1362
1362 1363
1363 1364
1364 1365
1365 1366
1366 1367
1367 1368
1368 1369
1369 1370
1370 1371
1371 1372
1372 1373
1373 1374
1374 1375
1375 1376
1376 1377
1377 1378
1378 1379
1379 1380
1380 1381
1381 1382
1382 1383
1383 1384
1384 1385
1385 1386
1386 1387
1387 1388
1388 1389
1389 1390
1390 1391
1391 1392
1392 1393
1393 1394
1394 1395
1395 1396
1396 1397
1397 1398
1398 1399
1399 1400
1400 1401
1401 1402
1402 1403
1403 1404
1404 1405
1405 1406
1406 1407
1407 1408
1408 1409
1409 1410
1410 1411
1411 1412
1412 1413
1413 1414
1414 1415
1415 1416
1416 1417
1417 1418
1418 1419
1419 1420
1420 1421
1421 1422
1422 1423
1423 1424
1424 1425
1425 1426
1426 1427
1427 1428
1428 1429
1429 1430
1430 1431
1431 1432
1432 1433
1433 1434
1434 1435
1435 1436
1436 1437
1437 1438
1438 1439
1439 1440
1440 1441
1441 1442
1442 1443
1443 1444
1444 1445
1445 1446
1446 1447
1447 1448
1448 1449
1449 1450
1450 1451
1451 1452
1452 1453
1453 1454
1454 1455
1455 1456
1456 1457
1457 1458
1458 1459
1459 1460
1460 1461
1461 1462
1462 1463
1463 1464
1464 1465
1465 1466
1466 1467
1467 1468
1468 1469
1469 1470
1470 1471
1471 1472
1472 1473
1473 1474
1474 1475
1475 1476
1476 1477
1477 1478
1478 1479
1479 1480
1480 1481
1481 1482
1482 1483
1483 1484
1484 1485
1485 1486
1486 1487
1487 1488
1488 1489
1489 1490
1490 1491
1491 1492
1492 1493
1493 1494
1494 1495
1495 1496
1496 1497
1497 1498
1498 1499
1499 1500
1500 1501
1501 1502
1502 1503
1503 1504
1504 1505
1505 1506
1506 1507
1507 1508
1508 1509
1509 1510
1510 1511
1511 1512
1512 1513
1513 1514
1514 1515
1515 1516
1516 1517
1517 1518
1518 1519
1519 1520
1520 1521
1521 1522
1522 1523
1523 1524
1524 1525
1525 1526
1526 1527
1527 1528
1528 1529
1529 1530
1530 1531
1531 1532
1532 1533
1533 1534
1534 1535
1535 1536
1536 1537
1537 1538
1538 1539
1539 1540
1540 1541
1541 1542
1542 1543
1543 1544
1544 1545
1545 1546
1546 1547
1547 1548
1548 1549
1549 1550
1550 1551
1551 1552
1552 1553
1553 1554
1554 1555
1555 1556
1556 1557
1557 1558
1558 1559
1559 1560
1560 1561
1561 1562
1562 1563
1563 1564
1564 1565
1565 1566
1566 1567
1567 1568
1568 1569
1569 1570
1570 1571
1571 1572
1572 1573
1573 1574
1574 1575
1575 1576
1576 1577
1577 1578
1578 1579
1579 1580
1580 1581
1581 1582
1582 1583
1583 1584
1584 1585
1585 1586
1586 1587
1587 1588
1588 1589
1589 1590
1590 1591
1591 1592
1592 1593
1593 1594
1594 1595
1595 1596
1596 1597
1597 1598
1598 1599
1599 1600
1600 1601
1601 1602
1602 1603
1603 1604
1604 1605
1605 1606
1606 1607
1607 1608
1608 1609
1609 1610
1610 1611
1611 1612
1612 1613
1613 1614
1614 1615
1615 1616
1616 1617
1617 1618
1618 1619
1619 1620
1620 1621
1621 1622
1622 1623
1623 1624
1624 1625
1625 1626
1626 1627
1627 1628
1628 1629
1629 1630
1630 1631
1631 1632
1632 1633
1633 1634
1634 1635
1635 1636
1636 1637
1637 1638
1638 1639
1639 1640
1640 1641
1641 1642
1642 1643
1643 1644
1644 1645
1645 1646
1646 1647
1647 1648
1648 1649
1649 1650
1650 1651
1651 1652
1652 1653
1653 1654
1654 1655
1655 1656
1656 1657
1657 1658
1658 1659
1659 1660
1660 1661
1661 1662
1662 1663
1663 1664
1664 1665
1665 1666
1666 1667
1667 1668
1668 1669
1669 1670
1670 1671
1671 1672
1672 1673
1673 1674
1674 1675
1675 1676
1676 1677
1677 1678
1678 1679
1679 1680
1680 1681
1681 1682
1682 1683
1683 1684
1684 1685
1685 1686
1686 1687
1687 1688
1688 1689
1689 1690
1690 1691
1691 1692
1692 1693
1693 1694
1694 1695
1695 1696
1696 1697
1697 1698
1698 1699
1699 1700
1700 1701
1701 1702
1702 1703
1703 1704
1704 1705
1705 1706
1706 1707
1707 1708
1708 1709
1709 1710
1710 1711
1711 1712
1712 1713
1713 1714
1714 1715
1715 1716
1716 1717
1717 1718
1718 1719
1719 1720
1720 1721
1721 1722
1722 1723
1723 1724
1724 1725
1725 1726
1726 1727
1727 1728
1728 1729
1729 1730
1730 1731
1731 1732
1732 1733
1733 1734
1734 1735
1735 1736
1736 1737
1737 1738
1738 1739
1739 1740
1740 1741
1741 1742
1742 1743
1743 1744
1744 1745
1745 1746
1746 1747
1747 1748
1748 1749
1749 1750
1750 1751
1751 1752
1752 1753
1753 1754
1754 1755
1755 1756
1756 1757
1757 1758
1758 1759
1759 1760
1760 1761
1761 1762
1762 1763
1763 1764
1764 1765
1765 1766
1766 1767
1767 1768
1768 1769
1769 1770
1770 1771
1771 1772
1772 1773
1773 1774
1774 1775
1775 1776
1776 1777
1777 1778
1778 1779
1779 1780
1780 1781
1781 1782
1782 1783
1783 1784
1784 1785
1785 1786
1786 1787
1787 1788
1788 1789
1789 1790
1790 1791
1791 1792
1792 1793
1793 1794
1794 1795
1795 1796
1796 1797
1797 1798
1798 1799
1799 1800
1800 1801
1801 1802
1802 1803
1803 1804
1804 1805
1805 1806
1806 1807
1807 1808
1808 1809
1809 1810
1810 1811
1811 1812
1812 1813
1813 1814
1814 1815
1815 1816
1816 1817
1817 1818
1818 1819
1819 1820
1820 1821
1821 1822
1822 1823
1823 1824
1824 1825
1825 1826
1826 1827
1827 1828
1828 1829
1829 1830
1830 1831
1831 1832
1832 1833
1833 1834
1834 1835
1835 1836
1836 1837
1837 1838
1838 1839
1839 1840
1840 1841
1841 1842
1842 1843
1843 1844
1844 1845
1845 1846
1846 1847
1847 1848
1848 1849
1849 1850
1850 1851
1851 1852
1852 1853
1853 1854
1854 1855
1855 1856
1856 1857
1857 1858
1858 1859
1859 1860
1860 1861
1861 1862
1862 1863
1863 1864
1864 1865
1865 1866
1866 1867
1867 1868
1868 1869
1869 1870
1870 1871
1871 1872
1872 1873
1873 1874
1874 1875
1875 1876
1876 1877
1877 1878
1878 1879
1879 1880
1880 1881
1881 1882
1882 1883
1883 1884
1884 1885
1885 1886
1886 1887
1887 1888
1888 1889
1889 1890
1890 1891
1891 1892
1892 1893
1893 1894
1894 1895
1895 1896
1896 1897
1897 1898
1898 1899
1899 1900
1900 1901
1901 1902
1902 1903
1903 1904
1904 1905
1905 1906
1906 1907
1907 1908
1908 1909
1909 1910
1910 1911
1911 1912
1912 1913
1913 1914
1914 1915
1915 1916
1916 1917
1917 1918
1918 1919
1919 1920
1920 1921
1921 1922
1922 1923
1923 1924
1924 1925
1925 1926
1926 1927
1927 1928
1928 1929
1929 1930
1930 1931
1931 1932
1932 1933
1933 1934
1934 1935
1935 1936
1936 1937
1937 1938
1938 1939
1939 1940
1940 1941
1941 1942
1942 1943
1943 1944
1944 1945
1945 1946
1946 1947
1947 1948
1948 1949
1949 1950
1950 1951
1951 1952
1952 1953
1953 1954
1954 1955
1955 1956
1956 1957
1957 1958
1958 1959
1959 1960
1960 1961
1961 1962
1962 1963
1963 1964
1964 1965
1965 1966
1966 1967
1967 1968
1968 1969
1969 1970
1970 1971
1971 1972
1972 1973
1973 1974
1974 1975
1975 1976
1976 1977
1977 1978
1978 1979
1979 1980
1980 1981
1981 1982
1982 1983
1983 1984
1984 1985
1985 1986
1986 1987
1987 1988
1988 1989
1989 1990
1990 1991
1991 1992
1992 1993
1993 1994
1994 1995
1995 1996
1996 1997
1997 1998
1998 1999
1999 2000
2000 2001
2001 2002
2002 2003
2003 2004
2004 2005
2005 2006
2006 2007
2007 2008
2008 2009
2009 2010
2010 2011
2011 2012
2012 2013
2013 2014
2014 2015
2015 2016
2016 2017
2017 2018
2018 2019
2019 2020
2020 2021
2021 2022
2022 2023
2023 2024
2024 2025
2025 2026
2026 2027
2027 2028
2028 2029
2029 2030
2030 2031
2031 2032
2032 2033
2033 2034
2034 2035
2035 2036
2036 2037
2037 2038
2038 2039
2039 2040
2040 2041
2041 2042
2042 2043
2043 2044
2044 2045
2045 2046
2046 2047
2047 2048
2048 2049
2049 2050
2050 2051
2051 2052
2052 2053
2053 2054
2054 2055
2055 2056
2056 2057
2057 2058
2058 2059
2059 2060
2060 2061
2061 2062
2062 2063
2063 2064
2064 2065
2065 2066
2066 2067
2067 2068
2068 2069
2069 2070
2070 2071
2071 2072
2072 2073
2073 2074
2074 2075
2075 2076
2076 2077
2077 2078
2078 2079
2079 2080
2080 2081
2081 2082
2082 2083
2083 2084
2084 2085
2085 2086
2086 2087
2087 2088
2088 2089
2089 2090
2090 2091
2091 2092
2092 2093
2093 2094
2094 2095
2095 2096
2096 2097
2097 2098
2098 2099
2099 2100
2100 2101
2101 2102
2102 2103
2103 2104
2104 2105
2105 2106
2106 2107
2107 2108
2108 2109
2109 2110
2110 2111
2111 2112
2112 2113
2113 2114
2114 2115
2115 2116
2116 2117
2117 2118
2118 2119
2119 2120
2120 2121
2121 2122
2122 2123
2123 2124
2124 2125
2125 2126
2126 2127
2127 2128
2128 2129
2129 2130
2130 2131
2131 2132
2132 2133
2133 2134
2134 2135
2135 2136
2136 2137
2137 2138
2138 2139
2139 2140
2140 2141
2141 2142
2142 2143
2143 2144
2144 2145
2145 2146
2146 2147
2147 2148
2148 2149
2149 2150
2150 2151
2151 2152
2152 2153
2153 2154
2154 2155
2155 2156
2156 2157
2157 2158
2158 2159
2159 2160
2160 2161
2161 2162
2162 2163
2163 2164
2164 2165
2165 2166
2166 2167
2167 2168
2168 2169
2169 2170
2170 2171
2171 2172
2172 2173
2173 2174
2174 2175
2175 2176
2176 2177
2177 2178
2178 2179
2179 2180
2180 2181
2181 2182
2182 2183
2183 2184
2184 2185
2185 2186
2186 2187
2187 2188
2188 2189
2189 2190
2190 2191
2191 2192
2192 2193
2193 2194
2194 2195
2195 2196
2196 2197
2197 2198
2198 2199
2199 2200
2200 2201
2201 2202
2202 2203
2203 2204
2204 2205
2205 2206
2206 2207
2207 2208
2208 2209
2209 2210
2210 2211
2211 2212
2212 2213
2213 2214
2214 2215
2215 2216
2216 2217
2217 2218
2218 2219
2219 2220
2220 2221
2221 2222
2222 2223
2223 2224
2224 2225
2225 2226
2226 2227
2227 2228
2228 2229
2229 2230
2230 2231
2231 2232
2232 2233
2233 2234
2234 2235
2235 2236
2236 2237
2237 2238
2238 2239
2239 2240
2240 2241
2241 2242
2242 2243
2243 2244
2244 2245
2245 2246
2246 2247
2247 2248
2248 2249
2249 2250
2250 2251
2251 2252
2252 2253
2253 2254
2254 2255
2255 2256
2256 2257
2257 2258
2258 2259
2259 2260
2260 2261
2261 2262
2262 2263
2263 2264
2264 2265
2265 2266
2266 2267
2267 2268
2268 2269
2269 2270
2270 2271
2271 2272
2272 2273
2273 2274
2274 2275
2275 2276
2276 2277
2277 2278
2278 2279
2279 2280
2280 2281
2281 2282
2282 2283
2283 2284
2284 2285
2285 2286
2286 2287
2287 2288
2288 2289
2289 2290
2290 2291
2291 2292
2292 2293
2293 2294
2294 2295
2295 2296
2296 2297
2297 2298
2298 2299
2299 2300
2300 2301
2301 2302
2302 2303
2303 2304
2304 2305
2305 2306
2306 2307
2307 2308
2308 2309
2309 2310
2310 2311
2311 2312
2312 2313
2313 2314
2314 2315
2315 2316
2316 2317
2317 2318
2318 2319
2319 2320
2320 2321
2321 2322
2322 2323
2323 2324
2324 2325
2325 2326
2326 2327
2327 2328
2328 2329
2329 2330
2330 2331
2331 2332
2332 2333
2333 2334
2334 2335
2335 2336
2336 2337
2337 2338
2338 2339
2339 2340
2340 2341
2341 2342
2342 2343
2343 2344
2344 2345
2345 2346
2346 2347
2347 2348
2348 2349
2349 2350
2350 2351
2351 2352
2352 2353
2353 2354
2354 2355
2355 2356
2356 2357
2357 2358
2358 2359
2359 2360
2360 2361
2361 2362
2362 2363
2363 2364
2364 2365
2365 2366
2366 2367
2367 2368
2368 2369
2369 2370
2370 2371
2371 2372
2372 2373
2373 2374
2374 2375
2375 2376
2376 2377
2377 2378
2378 2379
2379 2380
2380 2381
2381 2382
2382 2383
2383 2384
2384 2385
2385 2386
2386 2387
2387 2388
2388 2389
2389 2390
2390 2391
2391 2392
2392 2393
2393 2394
2394 2395
2395 2396
2396 2397
2397 2398
2398 2399
2399 2400
2400 2401
2401 2402
2402 2403
2403 2404
2404 2405
2405 2406
2406 2407
2407 2408
2408 2409
2409 2410
2410 2411
2411 2412
2412 2413
2413 2414
2414 2415
2415 2416
2416 2417
2417 2418
2418 2419
2419 2420
2420 2421
2421 2422
2422 2423
2423 2424
2424 2425
2425 2426
2426 2427
2427 2428
2428 2429
2429 2430
2430 2431
2431 2432
2432 2433
2433 2434
2434 2435
2435 2436
2436 2437
2437 2438
2438 2439
2439 2440
2440 2441
2441 2442
2442 2443
2443 2444
2444 2445
2445 2446
2446 2447
2447 2448
2448 2449
2449 2450
2450 2451
2451 2452
2452 2453
2453 2454
2454 2455
2455 2456
2456 2457
2457 2458
2458 2459
2459 2460
2460 2461
2461 2462
2462 2463
2463 2464
2464 2465
2465 2466
2466 2467
2467 2468
2468 2469
2469 2470
2470 2471
2471 2472
2472 2473
2473 2474
2474 2475
2475 2476
2476 2477
2477 2478
2478 2479
2479 2480
2480 2481
2481 2482
2482 2483
2483 2484
2484 2485
2485 2486
2486 2487
2487 2488
2488 2489
2489 2490
2490 2491
2491 2492
2492 2493
2493 2494
2494 2495
2495 2496
2496 2497
2497 2498
2498 2499
2499 2500
2500 2501
2501 2502
2502 2503
2503 2504
2504 2505
2505 2506
2506 2507
2507 2508
2508 2509
2509 2510
2510 2511
2511 2512
2512 2513
2513 2514
2514 2515
2515 2516
2516 2517
2517 2518
2518 2519
2519 2520
2520 2521
2521 2522
2522 2523
2523 2524
2524 2525
2525 2526
2526 2527
2527 2528
2528 2529
2529 2530
2530 2531
2531 2532
2532 2533
2533 2534
2534 2535
2535 2536
2536 2537
2537 2538
2538 2539
2539 2540
2540 2541
2541 2542
2542 2543
2543 2544
2544 2545
2545 2546
2546 2547
2547 2548
2548 2549
2549 2550
2550 2551
2551 2552
2552 2553
2553 2554
2554 2555
2555 2556
2556 2557
2557 2558
2558 2559
2559 2560
2560 2561
2561 2562
2562 2563
2563 2564
2564 2565
2565 2566
2566 2567
2567 2568
2568 2569
2569 2570
2570 2571
2571 2572
2572 2573
2573 2574
2574 2575
2575 2576
2576 2577
2577 2578
2578 2579
2579 2580
2580 2581
2581 2582
2582 2583
2583 2584
2584 2585
2585 2586
2586 2587
2587 2588
2588 2589
2589 2590
2590 2591
2591 2592
2592 2593
2593 2594
2594 2595
2595 2596
2596 2597
2597 2598
2598 2599
2599 2600
2600 2601
2601 2602
2602 2603
2603 2604
2604 2605
2605 2606
2606 2607
2607 2608
2608 2609
2609 2610
2610 2611
2611 2612
2612 2613
2613 2614
2614 2615
2615 2616
2616 2617
2617 2618
2618 2619
2619 2620
2620 2621
2621 2622
2622 2623
2623 2624
2624 2625
2625 2626
2626 2627
2627 2628
2628 2629
2629 2630
2630 2631
2631 2632
2632 2633
2633 2634
2634 2635
2635 2636
2636 2637
2637 2638
2638 2639
2639 2640
2640 2641
2641 2642
2642 2643
2643 2644
2644 2645
2645 2646
2646 2647
2647 2648
2648 2649
2649 2650
2650 2651
2651 2652
2652 2653
2653 2654
2654 2655
2655 2656
2656 2657
2657 2658
2658 2659
2659 2660
2660 2661
2661 2662
2662 2663
2663 2664
2664 2665
2665 2666
2666 2667
2667 2668
2668 2669
2669 2670
2670 2671
2671 2672
2672 2673
2673 2674
2674 2675
2675 2676
2676 2677
2677 2678
2678 2679
2679 2680
2680 2681
2681 2682
2682 2683
2683 2684
2684 2685
2685 2686
2686 2687
2687 2688
2688 2689
2689 2690
2690 2691
2691 2692
2692 2693
2693 2694
2694 2695
2695 2696
2696 2697
2697 2698
2698 2699
2699 2700
2700 2701
2701 2702
2702 2703
2703 2704
2704 2705
2705 2706
2706 2707
2707 2708
2708 2709
2709 2710
2710 2711
2711 2712
2712 2713
2713 2714
2714 2715
2715 2716
2716 2717
2717 2718
2718 2719
2719 2720
2720 2721
2721 2722
2722 2723
2723 2724
2724 2725
2725 2726
2726 2727
2727 2728
2728 2729
2729 2730
2730 2731
2731 2732
2732 2733
2733 2734
2734 2735
2735 2736
2736 2737
2737 2738
2738 2739
2739 2740
2740 2741
2741 2742
2742 2743
2743 2744
2744 2745
2745 2746
2746 2747
2747 2748
2748 2749
2749 2750
2750 2751
2751 2752
2752 2753
2753 2754
2754 2755
2755 2756
2756 2757
2757 2758
2758 2759
2759 2760
2760 2761
2761 2762
2762 2763
2763 2764
2764 2765
2765 2766
2766 2767
2767 2768
2768 2769
2769 2770
2770 2771
2771 2772
2772 2773
2773 2774
2774 2775
2775 2776
2776 2777
2777 2778
2778 2779
2779 2780
2780 2781
2781 2782
2782 2783
2783 2784
2784 2785
2785 2786
2786 2787
2787 2788
2788 2789
2789 2790
2790 2791
2791 2792
2792 2793
2793 2794
2794 2795
2795 2796
2796 2797
2797 2798
2798 2799
2799 2800
2800 2801
2801 2802
2802 2803
2803 2804
2804 2805
2805 2806
2806 2807
2807 2808
2808 2809
2809 2810
2810 2811
2811 2812
2812 2813
2813 2814
2814 2815
2815 2816
2816 2817
2817 2818
2818 2819
2819 2820
2820 2821
2821 2822
2822 2823
2823 2824
2824 2825
2825 2826
2826 2827
2827 2828
2828 2829
2829 2830
2830 2831
2831 2832
2832 2833
2833 2834
2834 2835
2835 2836
2836 2837
2837 2838
2838 2839
2839 2840
2840 2841
2841 2842
2842 2843
2843 2844
2844 2845
2845 2846
2846 2847
2847 2848
2848 2849
2849 2850
2850 2851
2851 2852
2852 2853
2853 2854
2854 2855
2855 2856
2856 2857
2857 2858
2858 2859
2859 2860
2860 2861
2861 2862
2862 2863
2863 2864
2864 2865
2865 2866
2866 2867
2867 2868
2868 2869
2869 2870
2870 2871
2871 2872
2872 2873
2873 2874
2874 2875
2875 2876
2876 2877
2877 2878
2878 2879
2879 2880
2880 2881
2881 2882
2882 2883
2883 2884
2884 2885
2885 2886
2886 2887
2887 2888
2888 2889
2889 2890
2890 2891
2891 2892
2892 2893
2893 2894
2894 2895
2895 2896
2896 2897
2897 2898
2898 2899
2899 2900
2900 2901
2901 2902
2902 2903
2903 2904
2904 2905
2905 2906
2906 2907
2907 2908
2908 2909
2909 2910
2910 2911
2911 2912
2912 2913
2913 2914
2914 2915
2915 2916
2916 2917
2917 2918
2918 2919
2919 2920
2920 2921
2921 2922
2922 2923
2923 2924
2924 2925
2925 2926
2926 2927
2927 2928
2928 2929
2929 2930
2930 2931
2931 2932
2932 2933
2933 2934
2934 2935
2935 2936
2936 2937
2937 2938
2938 2939
2939 2940
2940 2941
2941 2942
2942 2943
2943 2944
2944 2945
2945 2946
2946 2947
2947 2948
2948 2949
2949 2950
2950 2951
2951 2952
2952 2953
2953 2954
2954 2955
2955 2956
2956 2957
2957 2958
2958 2959
2959 2960
2960 2961
2961 2962
2962 2963
2963 2964
2964 2965
2965 2966
2966 2967
2967 2968
2968 2969
2969 2970
2970 2971
2971 2972
2972 2973
2973 2974
2974 2975
2975 2976
2976 2977
2977 2978
2978 2979
2979 2980
2980 2981
2981 2982
2982 2983
2983 2984
2984 2985
2985 2986
2986 2987
2987 2988
2988 2989
2989 2990
2990 2991
2991 2992
2992 2993
2993 2994
2994 2995
2995 2996
2996 2997
2997 2998
2998 2999
2999 3000
3000 3001
3001 3002
3002 3003
3003 3004
3004 3005
3005 3006
3006 3007
3007 3008
3008 3009
3009 3010
3010 3011
3011 3012
3012 3013
3013 3014
3014 3015
3015 3016
3016 3017
3017 3018
3018 3019
3019 3020
3020 3021
3021 3022
3022 3023
3023 3024
3024 3025
3025 3026
3026 3027
3027 3028
3028 3029
3029 3030
3030 3031
3031 3032
3032 3033
3033 3034
3034 3035
3035 3036
3036 3037
3037 3038
3038 3039
3039 3040
3040 3041
3041 3042
3042 3043
3043 3044
3044 3045
3045 3046
3046 3047
3047 3048
3048 3049
3049 3050
3050 3051
3051 3052
3052 3053
3053 3054
3054 3055
3055 3056
3056 3057
3057 3058
3058 3059
3059 3060
3060 3061
3061 3062
3062 3063
3063 3064
3064 3065
3065 3066
3066 3067
3067 3068
3068 3069
3069 3070
3070 3071
3071 3072
3072 3073
3073 3074
3074 3075
3075 3076
3076 3077
3077 3078
3078 3079
3079 3080
3080 3081
3081 3082
3082 3083
3083 3084
3084 3085
3085 3086
3086 3087
3087 3088
3088 3089
3089 3090
3090 3091
3091 3092
3092 3093
3093 3094
3094 3095
3095 3096
3096 3097
3097 3098
3098 3099
3099 3100
3100 3101
3101 3102
3102 3103
3103 3104
3104 3105
3105 3106
3106 3107
3107 3108
3108 3109
3109 3110
3110 3111
3111 3112
3112 3113
3113 3114
3114 3115
3115 3116
3116 3117
3117 3118
3118 3119
3119 3120
3120 3121
3121 3122
3122 3123
3123 3124
3124 3125
3125 3126
3126 3127
3127 3128
3128 3129
3129 3130
3130 3131
3131 3132
3132 3133
3133 3134
3134 3135
3135 3136
3136 3137
3137 3138
3138 3139
3139 3140
3140 3141
3141 3142
3142 3143
3143 3144
3144 3145
3145 3146
3146 3147
3147 3148
3148 3149
3149 3150
3150 3151
3151 3152
3152 3153
3153 3154
3154 3155
3155 3156
3156 3157
3157 3158
3158 3159
3159 3160
3160 3161
3161 3162
3162 3163
3163 3164
3164 3165
3165 3166
3166 3167
3167 3168
3168 3169
3169 3170
3170 3171
3171 3172
3172 3173
3173 3174
3174 3175
3175 3176
3176 3177
3177 3178
3178 3179
3179 3180
3180 3181
3181 3182
3182 3183
3183 3184
3184 3185
3185 3186
3186 3187
3187 3188
3188 3189
3189 3190
3190 3191
3191 3192
3192 3193
3193 3194
3194 3195
3195 3196
3196 3197
3197 3198
3198 3199
3199 3200
3200 3201
3201 3202
3202 3203
3203 3204
3204 3205
3205 3206
3206 3207
3207 3208
3208 3209
3209 3210
3210 3211
3211 3212
3212 3213
3213 3214
3214 3215
3215 3216
3216 3217
3217 3218
3218 3219
3219 3220
3220 3221
3221 3222
3222 3223
3223 3224
3224 3225
3225 3226
3226 3227
3227 3228
3228 3229
3229 3230
3230 3231
3231 3232
3232 3233
3233 3234
3234 3235
3235 3236
3236 3237
3237 3238
3238 3239
3239 3240
3240 3241
3241 3242
3242 3243
3243 3244
3244 3245
3245 3246
3246 3247
3247 3248
3248 3249
3249 3250
3250 3251
3251 3252
3252 3253
3253 3254
3254 3255
3255 3256
3256 3257
3257 3258
3258 3259
3259 3260
3260 3261
3261 3262
3262 3263
3263 3264
3264 3265
3265 3266
3266 3267
3267 3268
3268 3269
3269 3270
3270 3271
3271 3272
3272 3273
3273 3274
3274 3275
3275 3276
3276 3277
3277 3278
3278 3279
3279 3280
3280 3281
3281 3282
3282 3283
3283 3284
3284 3285
3285 3286
3286 3287
3287 3288
3288 3289
3289 3290
3290 3291
3291 3292
3292 3293
3293 3294
3294 3295
3295 3296
3296 3297
3297 3298
3298 3299
3299 3300
3300 3301
3301 3302
3302 3303
3303 3304
3304 3305
3305 3306
3306 3307
3307 3308
3308 3309
3309 3310
3310 3311
3311 3312
3312 3313
3313 3314
3314 3315
3315 3316
3316 3317
3317 3318
3318 3319
3319 3320
3320 3321
3321 3322
3322 3323
3323 3324
3324 3325
3325 3326
3326 3327
3327 3328
3328 3329
3329 3330
3330 3331
3331 3332
3332 3333
3333 3334
3334 3335
3335 3336
3336 3337
3337 3338
3338 3339
3339 3340
3340 3341
3341 3342
3342 3343
3343 3344
3344 3345
3345 3346
3346 3347
3347 3348
3348 3349
3349 3350
3350 3351
3351 3352
3352 3353
3353 3354
3354 3355
3355 3356
3356 3357
3357 3358
3358 3359
3359 3360
3360 3361
3361 3362
3362 3363
3363 3364
3364 3365
3365 3366
3366 3367
3367 3368
3368 3369
3369 3370
3370 3371
3371 3372
3372 3373
3373 3374
3374 3375
3375 3376
3376 3377
3377 3378
3378 3379
3379 3380
3380 3381
3381 3382
3382 3383
3383 3384
3384 3385
3385 3386
3386 3387
3387 3388
3388 3389
3389 3390
3390 3391
3391 3392
3392 3393
3393 3394
3394 3395
3395 3396
3396 3397
3397 3398
3398 3399
3399 3400
3400 3401
3401 3402
3402 3403
3403 3404
3404 3405
3405 3406
3406 3407
3407 3408
3408 3409
3409 3410
3410 3411
3411 3412
3412 3413
3413 3414
3414 3415
3415 3416
3416 3417
3417 3418
3418 3419
3419 3420
3420 3421
3421 3422
3422 3423
3423 3424
3424 3425
3425 3426
3426 3427
3427 3428
3428 3429
3429 3430
3430 3431
3431 3432
3432 3433
3433 3434
3434 3435
3435 3436
3436 3437
3437 3438
3438 3439
3439 3440
3440 3441
3441 3442
3442 3443
3443 3444
3444 3445
3445 3446
3446 3447
3447 3448
3448 3449
3449 3450
3450 3451
3451 3452
3452 3453
3453 3454
3454 3455
3455 3456
3456 3457
3457 3458
3458 3459
3459 3460
3460 3461
3461 3462
3462 3463
3463 3464
3464 3465
3465 3466
3466 3467
3467 3468
3468 3469
3469 3470
3470 3471
3471 3472
3472 3473
3473 3474
3474 3475
3475 3476
3476 3477
3477 3478
3478 3479
3479 3480
3480 3481
3481 3482
3482 3483
3483 3484
3484 3485
3485 3486
3486 3487
3487 3488
3488 3489
3489 3490
3490 3491
3491 3492
3492 3493
3493 3494
3494 3495
3495 3496
3496 3497
3497 3498
3498 3499
3499 3500
3500 3501
3501 3502
3502 3503
3503 3504
3504 3505
3505 3506
3506 3507
3507 3508
3508 3509
3509 3510
3510 3511
3511 3512
3512 3513
3513 3514
3514 3515
3515 3516
3516 3517
3517 3518
3518 3519
3519 3520
3520 3521
3521 3522
3522 3523
3523 3524
3524 3525
3525 3526
3526 3527
3527 3528
3528 3529
3529 3530
3530 3531
3531 3532
3532 3533
3533 3534
3534 3535
3535 3536
3536 3537
3537 3538
3538 3539
3539 3540
3540 3541
3541 3542
3542 3543
3543 3544
3544 3545
3545 3546
3546 3547
3547 3548
3548 3549
3549 3550
3550 3551
3551 3552
3552 3553
3553 3554
3554 3555
3555 3556
3556 3557
3557 3558
3558 3559
3559 3560
3560 3561
3561 3562
3562 3563
3563 3564
3564 3565
3565 3566
3566 3567
3567 3568
3568 3569
3569 3570
3570 3571
3571 3572
3572 3573
3573 3574
3574 3575
3575 3576
3576 3577
3577 3578
3578 3579
3579 3580
3580 3581
3581 3582
3582 3583
3583 3584
3584 3585
3585 3586
3586 3587
3587 3588
3588 3589
3589 3590
3590 3591
3591 3592
3592 3593
3593 3594
3594 3595
3595 3596
3596 3597
3597 3598
3598 3599
3599 3600
3600 3601
3601 3602
3602 3603
3603 3604
3604 3605
3605 3606
3606 3607
3607 3608
3608 3609
3609 3610
3610 3611
3611 3612
3612 3613
3613 3614
3614 3615
3615 3616
3616 3617
3617 3618
3618 3619
3619 3620
3620 3621
3621 3622
3622 3623
3623 3624
3624 3625
3625 3626
3626 3627
3627 3628
3628 3629
3629 3630
3630 3631
3631 3632
3632 3633
3633 3634
3634 3635
3635 3636
3636 3637
3637 3638
3638 3639
3639 3640
3640 3641
3641 3642
3642 3643
3643 3644
3644 3645
3645 3646
3646 3647
3647 3648
3648 3649
3649 3650
3650 3651
3651 3652
3652 3653
3653 3654
3654 3655
3655 3656
3656 3657
3657 3658
3658 3659
3659 3660
3660 3661
3661 3662
3662 3663
3663 3664
3664 3665
3665 3666
3666 3667
3667 3668
3668 3669
3669 3670
3670 3671
3671 3672
3672 3673
3673 3674
3674 3675
3675 3676
3676 3677
3677 3678
3678 3679
3679 3680
3680 3681
3681 3682
3682 3683
3683 3684
3684 3685
3685 3686
3686 3687
3687 3688
3688 3689
3689 3690
3690 3691
3691 3692
3692 3693
3693 3694
3694 3695
3695 3696
3696 3697
3697 3698
3698 3699
3699 3700
3700 3701
3701 3702
3702 3703
3703 3704
3704 3705
3705 3706
3706 3707
3707 3708
3708 3709
3709 3710
3710 3711
3711 3712
3712 3713
3713 3714
3714 3715
3715 3716
3716 3717
3717 3718
3718 3719
3719 3720
3720 3721
3721 3722
3722 3723
3723 3724
3724 3725
3725 3726
3726 3727
3727 3728
3728 3729
3729 3730
3730 3731
3731 3732
3732 3733
3733 3734
3734 3735
3735 3736
3736 3737
3737 3738
3738 3739
3739 3740
3740 3741
3741 3742
3742 3743
3743 3744
3744 3745
3745 3746
3746 3747
3747 3748
3748 3749
3749 3750
3750 3751
3751 3752
3752 3753
3753 3754
3754 3755
3755 3756
3756 3757
3757 3758
3758 3759
3759 3760
3760 3761
3761 3762
3762 3763
3763 3764
3764 3765
3765 3766
3766 3767
3767 3768
3768 3769
3769 3770
3770 3771
3771 3772
3772 3773
3773 3774
3774 3775
3775 3776
3776 3777
3777 3778
3778 3779
3779 3780
3780 3781
3781 3782
3782 3783
3783 3784
3784 3785
3785 3786
3786 3787
3787 3788
3788 3789
3789 3790
3790 3791
3791 3792
3792 3793
3793 3794
3794 3795
3795 3796
3796 3797
3797 3798
3798 3799
3799 3800
3800 3801
3801 3802
3802 3803
3803 3804
3804 3805
3805 3806
3806 3807
3807 3808
3808 3809
3809 3810
3810 3811
3811 3812
3812 3813
3813 3814
3814 3815
3815 3816
3816 3817
3817 3818
3818 3819
3819 3820
3820 3821
3821 3822
3822 3823
3823 3824
3824 3825
3825 3826
3826 3827
3827 3828
3828 3829
3829 3830
3830 3831
3831 3832
3832 3833
3833 3834
3834 3835
3835 3836
3836 3837
3837 3838
3838 3839
3839 3840
3840 3841
3841 3842
3842 3843
3843 3844
3844 3845
3845 3846
3846 3847
3847 3848
3848 3849
3849 3850
3850 3851
3851 3852
3852 3853
3853 3854
3854 3855
3855 3856
3856 3857
3857 3858
3858 3859
3859 3860
3860 3861
3861 3862
3862 3863
3863 3864
3864 3865
3865 3866
3866 3867
3867 3868
3868 3869
3869 3870
3870 3871
3871 3872
3872 3873
3873 3874
3874 3875
3875 3876
3876 3877
3877 3878
3878 3879
3879 3880
3880 3881
3881 3882
3882 3883
3883 3884
3884 3885
3885 3886
3886 3887
3887 3888
3888 3889
3889 3890
3890 3891
3891 3892
3892 3893
3893 3894
3894 3895
3895 3896
3896 3897
3897 3898
3898 3899
3899 3900
3900 3901
3901 3902
3902 3903
3903 3904
3904 3905
3905 3906
3906 3907
3907 3908
3908 3909
3909 3910
3910 3911
3911 3912
3912 3913
3913 3914
3914 3915
3915 3916
3916 3917
3917 3918
3918 3919
3919 3920
3920 3921
3921 3922
3922 3923
3923 3924
3924 3925
3925 3926
3926 3927
3927 3928
3928 3929
3929 3930
3930 3931
3931 3932
3932 3933
3933 3934
3934 3935
3935 3936
3936 3937
3937 3938
3938 3939
3939 3940
3940 3941
3941 3942
3942 3943
3943 3944
3944 3945
3945 3946
3946 3947
3947 3948
3948 3949
3949 3950
3950 3951
3951 3952
3952 3953
3953 3954
3954 3955
3955 3956
3956 3957
3957 3958
3958 3959
3959 3960
3960 3961
3961 3962
3962 3963
3963 3964
3964 3965
3965 3966
3966 3967
3967 3968
3968 3969
3969 3970
3970 3971
3971 3972
3972 3973
3973 3974
3974 3975
3975 3976
3976 3977
3977 3978
3978 3979
3979 3980
3980 3981
3981 3982
3982 3983
3983 3984
3984 3985
3985 3986
3986 3987
3987 3988
3988 3989
3989 3990
3990 3991
3991 3992
3992 3993
3993 3994
3994 3995
3995 3996
3996 3997
3997 3998
3998 3999
3999 4000
4000 4001
4001 4002
4002 4003
4003 4004
4004 4005
4005 4006
4006 4007
4007 4008
4008 4009
4009 4010
4010 4011
4011 4012
4012 4013
4013 4014
4014 4015
4015 4016
4016 4017
4017 4018
4018 4019
4019 4020
4020 4021
4021 4022
4022 4023
4023 4024
4024 4025
4025 4026
4026 4027
4027 4028
4028 4029
4029 4030
4030 4031
4031 4032
4032 4033
4033 4034
4034 4035
4035 4036
4036 4037
4037 4038
4038 4039
4039 4040
4040 4041
4041 4042
4042 4043
4043 4044
4044 4045
4045 4046
4046 4047
4047 4048
4048 4049
4049 4050
4050 4051
4051 4052
4052 4053
4053 4054
4054 4055
4055 4056
4056 4057
4057 4058
4058 4059
4059 4060
4060 4061
4061 4062
4062 4063
4063 4064
4064 4065
4065 4066
4066 4067
4067 4068
4068 4069
4069 4070
4070 4071
4071 4072
4072 4073
4073 4074
4074 4075
4075 4076
4076 4077
4077 4078
4078 4079
4079 4080
4080 4081
4081 4082
4082 4083
4083 4084
4084 4085
4085 4086
4086 4087
4087 4088
4088 4089
4089 4090
4090 4091
4091 4092
4092 4093
4093 4094
4094 4095
4095 4096
4096 4097
4097 4098
4098 4099
4099 4100
4100 4101
4101 4102
4102 4103
4103 4104
4104 4105
4105 4106
4106 4107
4107 4108
4108 4109
4109 4110
4110 4111
4111 4112
4112 4113
4113 4114
4114 4115
4115 4116
4116 4117
4117 4118
4118 4119
4119 4120
4120 4121
4121 4122
4122 4123
4123 4124
4124 4125
4125 4126
4126 4127
4127 4128
4128 4129
4129 4130
4130 4131
4131 4132
4132 4133
4133 4134
4134 4135
4135 4136
4136 4137
4137 4138
4138 4139
4139 4140
4140 4141
4141 4142
4142 4143
4143 4144
4144 4145
4145 4146
4146 4147
4147 4148
4148 4149
4149 4150
4150 4151
4151 4152
4152 4153
4153 4154
4154 4155
4155 4156
4156 4157
4157 4158
4158 4159
4159 4160
4160 4161
4161 4162
4162 4163
4163 4164
4164 4165
4165 4166
4166 4167
4167 4168
4168 4169
4169 4170
4170 4171
4171 4172
4172 4173
4173 4174
4174 4175
4175 4176
4176 4177
4177 4178
4178 4179
4179 4180
4180 4181
4181 4182
4182 4183
4183 4184
4184 4185
4185 4186
4186 4187
4187 4188
4188 4189
4189 4190
4190 4191
4191 4192
4192 4193
4193 4194
4194 4195
4195 4196
4196 4197
4197 4198
4198 4199
4199 4200
4200 4201
4201 4202
4202 4203
4203 4204
4204 4205
4205 4206
4206 4207
4207 4208
4208 4209
4209 4210
4210 4211
4211 4212
4212 4213
4213 4214
4214 4215
4215 4216
4216 4217
4217 4218
4218 4219
4219 4220
4220 4221
4221 4222
4222 4223
4223 4224
4224 4225
4225 4226
4226 4227
4227 4228
4228 4229
4229 4230
4230 4231
4231 4232
4232 4233
4233 4234
4234 4235
4235 4236
4236 4237
4237 4238
4238 4239
4239 4240
4240 4241
4241 4242
4242 4243
4243 4244
4244 4245
4245 4246
4246 4247
4247 4248
4248 4249
4249 4250
4250 4251
4251 4252
4252 4253
4253 4254
4254 4255
4255 4256
4256 4257
4257 4258
4258 4259
4259 4260
4260 4261
4261 4262
4262 4263
4263 4264
4264 4265
4265 4266
4266 4267
4267 4268
4268 4269
4269 4270
4270 4271
4271 4272
4272 4273
4273 4274
4274 4275
4275 4276
4276 4277
4277 4278
4278 4279
4279 4280
4280 4281
4281 4282
4282 4283
4283 4284
4284 4285
4285 4286
4286 4287
4287 4288
4288 4289
4289 4290
4290 4291
4291 4292
4292 4293
4293 4294
4294 4295
4295 4296
4296 4297
4297 4298
4298 4299
4299 4300
4300 4301
4301 4302
4302 4303
4303 4304
4304 4305
4305 4306
4306 4307
4307 4308
4308 4309
4309 4310
4310 4311
4311 4312
4312 4313
4313 4314
4314 4315
4315 4316
4316 4317
4317 4318
4318 4319
4319 4320
4320 4321
4321 4322
4322 4323
4323 4324
4324 4325
4325 4326
4326 4327
4327 4328
4328 4329
4329 4330
4330 4331
4331 4332
4332 4333
4333 4334
4334 4335
4335 4336
4336 4337
4337 4338
4338 4339
4339 4340
4340 4341
4341 4342
4342 4343
4343 4344
4344 4345
4345 4346
4346 4347
4347 4348
4348 4349
4349 4350
4350 4351
4351 4352
4352 4353
4353 4354
4354 4355
4355 4356
4356 4357
4357 4358
4358 4359
4359 4360
4360 4361
4361 4362
4362 4363
4363 4364
4364 4365
4365 4366
4366 4367
4367 4368
4368 4369
4369 4370
4370 4371
4371 4372
4372 4373
4373 4374
4374 4375
4375 4376
4376 4377
4377 4378
4378 4379
4379 4380
4380 4381
4381 4382
4382 4383
4383 4384
4384 4385
4385 4386
4386 4387
4387 4388
4388 4389
4389 4390
4390 4391
4391 4392
4392 4393
4393 4394
4394 4395
4395 4396
4396 4397
4397 4398
4398 4399
4399 4400
4400 4401
4401 4402
4402 4403
4403 4404
4404 4405
4405 4406
4406 4407
4407 4408
4408 4409
4409 4410
4410 4411
4411 4412
4412 4413
4413 4414
4414 4415
4415 4416
4416 4417
4417 4418
4418 4419
4419 4420
4420 4421
4421 4422
4422 4423
4423 4424
4424 4425
4425 4426
4426 4427
4427 4428
4428 4429
4429 4430
4430 4431
4431 4432
4432 4433
4433 4434
4434 4435
4435 4436
4436 4437
4437 4438
4438 4439
4439 4440
4440 4441
4441 4442
4442 4443
4443 4444
4444 4445
4445 4446
4446 4447
4447 4448
4448 4449
4449 4450
4450 4451
4451 4452
4452 4453
4453 4454
4454 4455
4455 4456
4456 4457
4457 4458
4458 4459
4459 4460
4460 4461
4461 4462
4462 4463
4463 4464
4464 4465
4465 4466
4466 4467
4467 4468
4468 4469
4469 4470
4470 4471
4471 4472
4472 4473
4473 4474
4474 4475
4475 4476
4476 4477
4477 4478
4478 4479
4479 4480
4480 4481
4481 4482
4482 4483
4483 4484
4484 4485
4485 4486
4486 4487
4487 4488
4488 4489
4489 4490
4490 4491
4491 4492
4492 4493
4493 4494
4494 4495
4495 4496
4496 4497
4497 4498
4498 4499
4499 4500
4500 4501
4501 4502
4502 4503
4503 4504
4504 4505
4505 4506
4506 4507
4507 4508
4508 4509
4509 4510
4510 4511
4511 4512
4512 4513
4513 4514
4514 4515
4515 4516
4516 4517
4517 4518
4518 4519
4519 4520
4520 4521
4521 4522
4522 4523
4523 4524
4524 4525
4525 4526
4526 4527
4527 4528
4528 4529
4529 4530
4530 4531
4531 4532
4532 4533
4533 4534
4534 4535
4535 4536
4536 4537
4537 4538
4538 4539
4539 4540
4540 4541
4541 4542
4542 4543
4543 4544
4544 4545
4545 4546
4546 4547
4547 4548
4548 4549
4549 4550
4550 4551
4551 4552
4552 4553
4553 4554
4554 4555
4555 4556
4556 4557
4557 4558
4558 4559
4559 4560
4560 4561
4561 4562
4562 4563
4563 4564
4564 4565
4565 4566
4566 4567
4567 4568
4568 4569
4569 4570
4570 4571
4571 4572
4572 4573
4573 4574
4574 4575
4575 4576
4576 4577
4577 4578
4578 4579
4579 4580
4580 4581
4581 4582
4582 4583
4583 4584
4584 4585
4585 4586
4586 4587
4587 4588
4588 4589
4589 4590
4590 4591
4591 4592
4592 4593
4593 4594
4594 4595
4595 4596
4596 4597
4597 4598
4598 4599
4599 4600
4600 4601
4601 4602
4602 4603
4603 4604
4604 4605
4605 4606
4606 4607
4607 4608
4608 4609
4609 4610
4610 4611
4611 4612
4612 4613
4613 4614
4614 4615
4615 4616
4616 4617
4617 4618
4618 4619
4619 4620
4620 4621
4621 4622
4622 4623
4623 4624
4624 4625
4625 4626
4626 4627
4627 4628
4628 4629
4629 4630
4630 4631
4631 4632
4632 4633
4633 4634
4634 4635
4635 4636
4636 4637
4637 4638
4638 4639
4639 4640
4640 4641
4641 4642
4642 4643
4643 4644
4644 4645
4645 4646
4646 4647
4647 4648
4648 4649
4649 4650
4650 4651
4651 4652
4652 4653
4653 4654
4654 4655
4655 4656
4656 4657
4657 4658
4658 4659
4659 4660
4660 4661
4661 4662
4662 4663
4663 4664
4664 4665
4665 4666
4666 4667
4667 4668
4668 4669
4669 4670
4670 4671
4671 4672
4672 4673
4673 4674
4674 4675
4675 4676
4676 4677
4677 4678
4678 4679
4679 4680
4680 4681
4681 4682
4682 4683
4683 4684
4684 4685
4685 4686
4686 4687
4687 4688
4688 4689
4689 4690
4690 4691
4691 4692
4692 4693
4693 4694
4694 4695
4695 4696
4696 4697
4697 4698
4698 4699
4699 4700
4700 4701
4701 4702
4702 4703
4703 4704
4704 4705
4705 4706
4706 4707
4707 4708
4708 4709
4709 4710
4710 4711
4711 4712
4712 4713
4713 4714
4714 4715
4715 4716
4716 4717
4717 4718
4718 4719
4719 4720
4720 4721
4721 4722
4722 4723
4723 4724
4724 4725
4725 4726
4726 4727
4727 4728
4728 4729
4729 4730
4730 4731
4731 4732
4732 4733
4733 4734
4734 4735
4735 4736
4736 4737
4737 4738
4738 4739
4739 4740
4740 4741
4741 4742
4742 4743
4743 4744
4744 4745
4745 4746
4746 4747
4747 4748
4748 4749
4749 4750
4750 4751
4751 4752
4752 4753
4753 4754
4754 4755
4755 4756
4756 4757
4757 4758
4758 4759
4759 4760
4760 4761
4761 4762
4762 4763
4763 4764
4764 4765
4765 4766
4766 4767
4767 4768
4768 4769
4769 4770
4770 4771
4771 4772
4772 4773
4773 4774
4774 4775
4775 4776
4776 4777
4777 4778
4778 4779
4779 4780
4780 4781
4781 4782
4782 4783
4783 4784
4784 4785
4785 4786
4786 4787
4787 4788
4788 4789
4789 4790
4790 4791
4791 4792
4792 4793
4793 4794
4794 4795
4795 4796
4796 4797
4797 4798
4798 4799
4799 4800
4800 4801
4801 4802
4802 4803
4803 4804
4804 4805
4805 4806
4806 4807
4807 4808
4808 4809
4809 4810
4810 4811
4811 4812
4812 4813
4813 4814
4814 4815
4815 4816
4816 4817
4817 4818
4818 4819
4819 4820
4820 4821
4821 4822
4822 4823
4823 4824
4824 4825
4825 4826
4826 4827
4827 4828
4828 4829
4829 4830
4830 4831
4831 4832
4832 4833
4833 4834
4834 4835
4835 4836
4836 4837
4837 4838
4838 4839
4839 4840
4840 4841
4841 4842
4842 4843
4843 4844
4844 4845
4845 4846
4846 4847
4847 4848
4848 4849
4849 4850
4850 4851
4851 4852
4852 4853
4853 4854
4854 4855
4855 4856
4856 4857
4857 4858
4858 4859
4859 4860
4860 4861
4861 4862
4862 4863
4863 4864
4864 4865
4865 4866
4866 4867
4867 4868
4868 4869
4869 4870
4870 4871
4871 4872
4872 4873
4873 4874
4874 4875
4875 4876
4876 4877
4877 4878
4878 4879
4879 4880
4880 4881
4881 4882
4882 4883
4883 4884
4884 4885
4885 4886
4886 4887
4887 4888
4888 4889
4889 4890
4890 4891
4891 4892
4892 4893
4893 4894
4894 4895
4895 4896
4896 4897
4897 4898
4898 4899
4899 4900
4900 4901
4901 4902
4902 4903
4903 4904
4904 4905
4905 4906
4906 4907
4907 4908
4908 4909
4909 4910
4910 4911
4911 4912
4912 4913
4913 4914
4914 4915
4915 4916
4916 4917
4917 4918
4918 4919
4919 4920
4920 4921
4921 4922
4922 4923
4923 4924
4924 4925
4925 4926
4926 4927
4927 4928
4928 4929
4929 4930
4930 4931
4931 4932
4932 4933
4933 4934
4934 4935
4935 4936
4936 4937
4937 4938
4938 4939
4939 4940
4940 4941
4941 4942
4942 4943
4943 4944
4944 4945
4945 4946
4946 4947
4947 4948
4948 4949
4949 4950
4950 4951
4951 4952
4952 4953
4953 4954
4954 4955
4955 4956
4956 4957
4957 4958
4958 4959
4959 4960
4960 4961
4961 4962
4962 4963
4963 4964
4964 4965
4965 4966
4966 4967
4967 4968
4968 4969
4969 4970
4970 4971
4971 4972
4972 4973
4973 4974
4974 4975
4975 4976
4976 4977
4977 4978
4978 4979
4979 4980
4980 4981
4981 4982
4982 4983
4983 4984
4984 4985
4985 4986
4986 4987
4987 4988
4988 4989
4989 4990
4990 4991
4991 4992
4992 4993
4993 4994
4994 4995
4995 4996
4996 4997
4997 4998
4998 4999
4999 5000
5000 5001
5001 5002
5002 5003
5003 5004
5004 5005
5005 5006
5006 5007
5007 5008
5008 5009
5009 5010
5010 5011
5011 5012
5012 5013
5013 5014
5014 5015
5015 5016
5016 5017
5017 5018
5018 5019
5019 5020
5020 5021
5021 5022
5022 5023
5023 5024
5024 5025
5025 5026
5026 5027
5027 5028
5028 5029
5029 5030
5030 5031
5031 5032
5032 5033
5033 5034
5034 5035
5035 5036
5036 5037
5037 5038
5038 5039
5039 5040
5040 5041
5041 5042
5042 5043
5043 5044
5044 5045
5045 5046
5046 5047
5047 5048
5048 5049
5049 5050
5050 5051
5051 5052
5052 5053
5053 5054
5054 5055
5055 5056
5056 5057
5057 5058
5058 5059
5059 5060
5060 5061
5061 5062
5062 5063
5063 5064
5064 5065
5065 5066
5066 5067
5067 5068
5068 5069
5069 5070
5070 5071
5071 5072
5072 5073
5073 5074
5074 5075
5075 5076
5076 5077
5077 5078
5078 5079
5079 5080
5080 5081
5081 5082
5082 5083
5083 5084
5084 5085
5085 5086
5086 5087
5087 5088
5088 5089
5089 5090
5090 5091
5091 5092
5092 5093
5093 5094
5094 5095
5095 5096
5096 5097
5097 5098
5098 5099
5099 5100
5100 5101
5101 5102
5102 5103
5103 5104
5104 5105
5105 5106
5106 5107
5107 5108
5108 5109
5109 5110
5110 5111
5111 5112
5112 5113
5113 5114
5114 5115
5115 5116
5116 5117
5117 5118
5118 5119
5119 5120
5120 5121
5121 5122
5122 5123
5123 5124
5124 5125
5125 5126
5126 5127
5127 5128
5128 5129
5129 5130
5130 5131
5131 5132
5132 5133
5133 5134
5134 5135
5135 5136
5136 5137
5137 5138
5138 5139
5139 5140
5140 5141
5141 5142
5142 5143
5143 5144
5144 5145
5145 5146
5146 5147
5147 5148
5148 5149
5149 5150
5150 5151
5151 5152
5152 5153
5153 5154
5154 5155
5155 5156
5156 5157
5157 5158
5158 5159
5159 5160
5160 5161
5161 5162
5162 5163
5163 5164
5164 5165
5165 5166
5166 5167
5167 5168
5168 5169
5169 5170
5170 5171
5171 5172
5172 5173
5173 5174
5174 5175
5175 5176
5176 5177
5177 5178
5178 5179
5179 5180
5180 5181
5181 5182
5182 5183
5183 5184
5184 5185
5185 5186
5186 5187
5187 5188
5188 5189
5189 5190
5190 5191
5191 5192
5192 5193
5193 5194
5194 5195
5195 5196
5196 5197
5197 5198
5198 5199
5199 5200
5200 5201
5201 5202
5202 5203
5203 5204
5204 5205
5205 5206
5206 5207
5207 5208
5208 5209
5209 5210
5210 5211
5211 5212
5212 5213
5213 5214
5214 5215
5215 5216
5216 5217
5217 5218
5218 5219
5219 5220
5220 5221
5221 5222
5222 5223
5223 5224
5224 5225
5225 5226
5226 5227
5227 5228
5228 5229
5229 5230
5230 5231
5231 5232
5232 5233
5233 5234
5234 5235
5235 5236
5236 5237
5237 5238
5238 5239
5239 5240
5240 5241
5241 5242
5242 5243
5243 5244
5244 5245
5245 5246
5246 5247
5247 5248
5248 5249
5249 5250
5250 5251
5251 5252
5252 5253
5253 5254
5254 5255
5255 5256
5256 5257
5257 5258
5258 5259
5259 5260
5260 5261
5261 5262
5262 5263
5263 5264
5264 5265
5265 5266
5266 5267
5267 5268
5268 5269
5269 5270
5270 5271
5271 5272
5272 5273
5273 5274
5274 5275
5275 5276
5276 5277
5277 5278
5278 5279
5279 5280
5280 5281
5281 5282
5282 5283
5283 5284
5284 5285
5285 5286
5286 5287
5287 5288
5288 5289
5289 5290
5290 5291
5291 5292
5292 5293
5293 5294
5294 5295
5295 5296
5296 5297
5297 5298
5298 5299
5299 5300
5300 5301
5301 5302
5302 5303
5303 5304
5304 5305
5305 5306
5306 5307
5307 5308
5308 5309
5309 5310
5310 5311
5311 5312
5312 5313
5313 5314
5314 5315
5315 5316
5316 5317
5317 5318
5318 5319
5319 5320
5320 5321
5321 5322
5322 5323
5323 5324
5324 5325
5325 5326
5326 5327
5327 5328
5328 5329
5329 5330
5330 5331
5331 5332
5332 5333
5333 5334
5334 5335
5335 5336
5336 5337
5337 5338
5338 5339
5339 5340
5340 5341
5341 5342
5342 5343
5343 5344
5344 5345
5345 5346
5346 5347
5347 5348
5348 5349
5349 5350
5350 5351
5351 5352
5352 5353
5353 5354
5354 5355
5355 5356
5356 5357
5357 5358
5358 5359
5359 5360
5360 5361
5361 5362
5362 5363
5363 5364
5364 5365
5365 5366
5366 5367
5367 5368
5368 5369
5369 5370
5370 5371
5371 5372
5372 5373
5373 5374
5374 5375
5375 5376
5376 5377
5377 5378
5378 5379
5379 5380
5380 5381
5381 5382
5382 5383
5383 5384
5384 5385
5385 5386
5386 5387
5387 5388
5388 5389
5389 5390
5390 5391
5391 5392
5392 5393
5393 5394
5394 5395
5395 5396
5396 5397
5397 5398
5398 5399
5399 5400
5400 5401
5401 5402
5402 5403
5403 5404
5404 5405
5405 5406
5406 5407
5407 5408
5408 5409
5409 5410
5410 5411
5411 5412
5412 5413
5413 5414
5414 5415
5415 5416
5416 5417
5417 5418
5418 5419
5419 5420
5420 5421
5421 5422
5422 5423
5423 5424
5424 5425
5425 5426
5426 5427
5427 5428
5428 5429
5429 5430
5430 5431
5431 5432
5432 5433
5433 5434
5434 5435
5435 5436
5436 5437
5437 5438
5438 5439
5439 5440
5440 5441
5441 5442
5442 5443
5443 5444
5444 5445
5445 5446
5446 5447
5447 5448
5448 5449
5449 5450
5450 5451
5451 5452
5452 5453
5453 5454
5454 5455
5455 5456
5456 5457
5457 5458
5458 5459
5459 5460
5460 5461
5461 5462
5462 5463
5463 5464
5464 5465
5465 5466
5466 5467
5467 5468
5468 5469
5469 5470
5470 5471
5471 5472
5472 5473
5473 5474
5474 5475
5475 5476
5476 5477
5477 5478
5478 5479
5479 5480
5480 5481
5481 5482
5482 5483
5483 5484
5484 5485
5485 5486
5486 5487
5487 5488
5488 5489
5489 5490
5490 5491
5491 5492
5492 5493
5493 5494
5494 5495
5495 5496
5496 5497
5497 5498
5498 5499
5499 5500
5500 5501
5501 5502
5502 5503
5503 5504
5504 5505
5505 5506
5506 5507
5507 5508
5508 5509
5509 5510
5510 5511
5511 5512
5512 5513
5513 5514
5514 5515
5515 5516
5516 5517
5517 5518
5518 5519
5519 5520
5520 5521
5521 5522
5522 5523
5523 5524
5524 5525
5525 5526
5526 5527
5527 5528
5528 5529
5529 5530
5530 5531
5531 5532
5532 5533
5533 5534
5534 5535
5535 5536
5536 5537
5537 5538
5538 5539
5539 5540
5540 5541
5541 5542
5542 5543
5543 5544
5544 5545
5545 5546
5546 5547
5547 5548
5548 5549
5549 5550
5550 5551
5551 5552
5552 5553
5553 5554
5554 5555
5555 5556
5556 5557
5557 5558
5558 5559
5559 5560
5560 5561
5561 5562
5562 5563
5563 5564
5564 5565
5565 5566
5566 5567
5567 5568
5568 5569
5569 5570
5570 5571
5571 5572
5572 5573
5573 5574
5574 5575
5575 5576
5576 5577
5577 5578
5578 5579
5579 5580
5580 5581
5581 5582
5582 5583
5583 5584
5584 5585
5585 5586
5586 5587
5587 5588
5588 5589
5589 5590
5590 5591
5591 5592
5592 5593
5593 5594
5594 5595
5595 5596
5596 5597
5597 5598
5598 5599
5599 5600
5600 5601
5601 5602
5602 5603
5603 5604
5604 5605
5605 5606
5606 5607
5607 5608
5608 5609
5609 5610
5610 5611
5611 5612
5612 5613
5613 5614
5614 5615
5615 5616
5616 5617
5617 5618
5618 5619
5619 5620
5620 5621
5621 5622
5622 5623
5623 5624
5624 5625
5625 5626
5626 5627
5627 5628
5628 5629
5629 5630
5630 5631
5631 5632
5632 5633
5633 5634
5634 5635
5635 5636
5636 5637
5637 5638
5638 5639
5639 5640
5640 5641
5641 5642
5642 5643
5643 5644
5644 5645
5645 5646
5646 5647
5647 5648
5648 5649
5649 5650
5650 5651
5651 5652
5652 5653
5653 5654
5654 5655
5655 5656
5656 5657
5657 5658
5658 5659
5659 5660
5660 5661
5661 5662
5662 5663
5663 5664
5664 5665
5665 5666
5666 5667
5667 5668
5668 5669
5669 5670
5670 5671
5671 5672
5672 5673
5673 5674
5674 5675
5675 5676
5676 5677
5677 5678
5678 5679
5679 5680
5680 5681
5681 5682
5682 5683
5683 5684
5684 5685
5685 5686
5686 5687
5687 5688
5688 5689
5689 5690
5690 5691
5691 5692
5692 5693
5693 5694
5694 5695
5695 5696
5696 5697
5697 5698
5698 5699
5699 5700
5700 5701
5701 5702
5702 5703
5703 5704
5704 5705
5705 5706
5706 5707
5707 5708
5708 5709
5709 5710
5710 5711
5711 5712
5712 5713
5713 5714
5714 5715
5715 5716
5716 5717
5717 5718
5718 5719
5719 5720
5720 5721
5721 5722
5722 5723
5723 5724
5724 5725
5725 5726
5726 5727
5727 5728
5728 5729
5729 5730
5730 5731
5731 5732
5732 5733
5733 5734
5734 5735
5735 5736
5736 5737
5737 5738
5738 5739
5739 5740
5740 5741
5741 5742
5742 5743
5743 5744
5744 5745
5745 5746
5746 5747
5747 5748
5748 5749
5749 5750
5750 5751
5751 5752
5752 5753
5753 5754
5754 5755
5755 5756
5756 5757
5757 5758
5758 5759
5759 5760
5760 5761
5761 5762
5762 5763
5763 5764
5764 5765
5765 5766
5766 5767
5767 5768
5768 5769
5769 5770
5770 5771
5771 5772
5772 5773
5773 5774
5774 5775
5775 5776
5776 5777
5777 5778
5778 5779
5779 5780
5780 5781
5781 5782
5782 5783
5783 5784
5784 5785
5785 5786
5786 5787
5787 5788
5788 5789
5789 5790
5790 5791
5791 5792
5792 5793
5793 5794
5794 5795
5795 5796
5796 5797
5797 5798
5798 5799
5799 5800
5800 5801
5801 5802
5802 5803
5803 5804
5804 5805
5805 5806
5806 5807
5807 5808
5808 5809
5809 5810
5810 5811
5811 5812
5812 5813
5813 5814
5814 5815
5815 5816
5816 5817
5817 5818
5818 5819
5819 5820
5820 5821
5821 5822
5822 5823
5823 5824
5824 5825
5825 5826
5826 5827
5827 5828
5828 5829
5829 5830
5830 5831
5831 5832
5832 5833
5833 5834
5834 5835
5835 5836
5836 5837
5837 5838
5838 5839
5839 5840
5840 5841
5841 5842
5842 5843
5843 5844
5844 5845
5845 5846
5846 5847
5847 5848
5848 5849
5849 5850
5850 5851
5851 5852
5852 5853
5853 5854
5854 5855
5855 5856
5856 5857
5857 5858
5858 5859
5859 5860
5860 5861
5861 5862
5862 5863
5863 5864
5864 5865
5865 5866
5866 5867
5867 5868
5868 5869
5869 5870
5870 5871
5871 5872
5872 5873
5873 5874
5874 5875
5875 5876
5876 5877
5877 5878
5878 5879
5879 5880
5880 5881
5881 5882
5882 5883
5883 5884
5884 5885
5885 5886
5886 5887
5887 5888
5888 5889
5889 5890
5890 5891
5891 5892
5892 5893
5893 5894
5894 5895
5895 5896
5896 5897
5897 5898
5898 5899
5899 5900
5900 5901
5901 5902
5902 5903
5903 5904
5904 5905
5905 5906
5906 5907
5907 5908
5908 5909
5909 5910
5910 5911
5911 5912
5912 5913
5913 5914
5914 5915
5915 5916
5916 5917
5917 5918
5918 5919
5919 5920
5920 5921
5921 5922
5922 5923
5923 5924
5924 5925
5925 5926
5926 5927
5927 5928
5928 5929
5929 5930
5930 5931
5931 5932
5932 5933
5933 5934
5934 5935
5935 5936
5936 5937
5937 5938
5938 5939
5939 5940
5940 5941
5941 5942
5942 5943
5943 5944
5944 5945
5945 5946
5946 5947
5947 5948
5948 5949
5949 5950
5950 5951
5951 5952
5952 5953
5953 5954
5954 5955
5955 5956
5956 5957
5957 5958
5958 5959
5959 5960
5960 5961
5961 5962
5962 5963
5963 5964
5964 5965
5965 5966
5966 5967
5967 5968
5968 5969
5969 5970
5970 5971
5971 5972
5972 5973
5973 5974
5974 5975
5975 5976
5976 5977
5977 5978
5978 5979
5979 5980
5980 5981
5981 5982
5982 5983
5983 5984
5984 5985
5985 5986
5986 5987
5987 5988
5988 5989
5989 5990
5990 5991
5991 5992
5992 5993
5993 5994
5994 5995
5995 5996
5996 5997
5997 5998
5998 5999
5999 6000
6000 6001
6001 6002
6002 6003
6003 6004
6004 6005
6005 6006
6006 6007
6007 6008
6008 6009
6009 6010
6010 6011
6011 6012
6012 6013
6013 6014
6014 6015
6015 6016
6016 6017
6017 6018
6018 6019
6019 6020
6020 6021
6021 6022
6022 6023
6023 6024
6024 6025
6025 6026
6026 6027
6027 6028
6028 6029
6029 6030
6030 6031
6031 6032
6032 6033
6033 6034
6034 6035
6035 6036
6036 6037
6037 6038
6038 6039
6039 6040
6040 6041
6041 6042
6042 6043
6043 6044
6044 6045
6045 6046
6046 6047
6047 6048
6048 6049
6049 6050
6050 6051
6051 6052
6052 6053
6053 6054
6054 6055
6055 6056
6056 6057
6057 6058
6058 6059
6059 6060
6060 6061
6061 6062
6062 6063
6063 6064
6064 6065
6065 6066
6066 6067
6067 6068
6068 6069
6069 6070
6070 6071
6071 6072
6072 6073
6073 6074
6074 6075
6075 6076
6076 6077
6077 6078
6078 6079
6079 6080
6080 6081
6081 6082
6082 6083
6083 6084
6084 6085
6085 6086
6086 6087
6087 6088
6088 6089
6089 6090
6090 6091
6091 6092
6092 6093
6093 6094
6094 6095
6095 6096
6096 6097
6097 6098
6098 6099
6099 6100
6100 6101
6101 6102
6102 6103
6103 6104
6104 6105
6105 6106
6106 6107
6107 6108
6108 6109
6109 6110
6110 6111
6111 6112
6112 6113
6113 6114
6114 6115
6115 6116
6116 6117
6117 6118
6118 6119
6119 6120
6120 6121
6121 6122
6122 6123
6123 6124
6124 6125
6125 6126
6126 6127
6127 6128
6128 6129
6129 6130
6130 6131
6131 6132
6132 6133
6133 6134
6134 6135
6135 6136
6136 6137
6137 6138
6138 6139
6139 6140
6140 6141
6141 6142
6142 6143
6143 6144
6144 6145
6145 6146
6146 6147
6147 6148
6148 6149
6149 6150
6150 6151
6151 6152
6152 6153
6153 6154
6154 6155
6155 6156
6156 6157
6157 6158
6158 6159
6159 6160
6160 6161
6161 6162
6162 6163
6163 6164
6164 6165
6165 6166
6166 6167
6167 6168
6168 6169
6169 6170
6170 6171
6171 6172
6172 6173
6173 6174
6174 6175
6175 6176
6176 6177
6177 6178
6178 6179
6179 6180
6180 6181
6181 6182
6182 6183
6183 6184
6184 6185
6185 6186
6186 6187
6187 6188
6188 6189
6189 6190
6190 6191
6191 6192
6192 6193
6193 6194
6194 6195
6195 6196
6196 6197
6197 6198
6198 6199
6199 6200
6200 6201
6201 6202
6202 6203
6203 6204
6204 6205
6205 6206
6206 6207
6207 6208
6208 6209
6209 6210
6210 6211
6211 6212
6212 6213
6213 6214
6214 6215
6215 6216
6216 6217
6217 6218
6218 6219
6219 6220
6220 6221
6221 6222
6222 6223
6223 6224
6224 6225
6225 6226
6226 6227
6227 6228
6228 6229
6229 6230
6230 6231
6231 6232
6232 6233
6233 6234
6234 6235
6235 6236
6236 6237
6237 6238
6238 6239
6239 6240
6240 6241
6241 6242
6242 6243
6243 6244
6244 6245
6245 6246
6246 6247
6247 6248
6248 6249
6249 6250
6250 6251
6251 6252
6252 6253
6253 6254
6254 6255
6255 6256
6256 6257
6257 6258
6258 6259
6259 6260
6260 6261
6261 6262
6262 6263
6263 6264
6264 6265
6265 6266
6266 6267
6267 6268
6268 6269
6269 6270
6270 6271
6271 6272
6272 6273
6273 6274
6274 6275
6275 6276
6276 6277
6277 6278
6278 6279
6279 6280
6280 6281
6281 6282
6282 6283
6283 6284
6284 6285
6285 6286
6286 6287
6287 6288
6288 6289
6289 6290
6290 6291
6291 6292
6292 6293
6293 6294
6294 6295
6295 6296
6296 6297
6297 6298
6298 6299
6299 6300
6300 6301
6301 6302
6302 6303
6303 6304
6304 6305
6305 6306
6306 6307
6307 6308
6308 6309
6309 6310
6310 6311
6311 6312
6312 6313
6313 6314
6314 6315
6315 6316
6316 6317
6317 6318
6318 6319
6319 6320
6320 6321
6321 6322
6322 6323
6323 6324
6324 6325
6325 6326
6326 6327
6327 6328
6328 6329
6329 6330
6330 6331
6331 6332
6332 6333
6333 6334
6334 6335
6335 6336
6336 6337
6337 6338
6338 6339
6339 6340
6340 6341
6341 6342
6342 6343
6343 6344
6344 6345
6345 6346
6346 6347
6347 6348
6348 6349
6349 6350
6350 6351
6351 6352
6352 6353
6353 6354
6354 6355
6355 6356
6356 6357
6357 6358
6358 6359
6359 6360
6360 6361
6361 6362
6362 6363
6363 6364
6364 6365
6365 6366
6366 6367
6367 6368
6368 6369
6369 6370
6370 6371
6371 6372
6372 6373
6373 6374
6374 6375
6375 6376
6376 6377
6377 6378
6378 6379
6379 6380
6380 6381
6381 6382
6382 6383
6383 6384
6384 6385
6385 6386
6386 6387
6387 6388
6388 6389
6389 6390
6390 6391
6391 6392
6392 6393
6393 6394
6394 6395
6395 6396
6396 6397
6397 6398
6398 6399
6399 6400
6400 6401
6401 6402
6402 6403
6403 6404
6404 6405
6405 6406
6406 6407
6407 6408
6408 6409
6409 6410
6410 6411
6411 6412
6412 6413
6413 6414
6414 6415
6415 6416
6416 6417
6417 6418
6418 6419
6419 6420
6420 6421
6421 6422
6422 6423
6423 6424
6424 6425
6425 6426
6426 6427
6427 6428
6428 6429
6429 6430
6430 6431
6431 6432
6432 6433
6433 6434
6434 6435
6435 6436
6436 6437
6437 6438
6438 6439
6439 6440
6440 6441
6441 6442
6442 6443
6443 6444
6444 6445
6445 6446
6446 6447
6447 6448
6448 6449
6449 6450
6450 6451
6451 6452
6452 6453
6453 6454
6454 6455
6455 6456
6456 6457
6457 6458
6458 6459
6459 6460
6460 6461
6461 6462
6462 6463
6463 6464
6464 6465
6465 6466
6466 6467
6467 6468
6468 6469
6469 6470
6470 6471
6471 6472
6472 6473
6473 6474
6474 6475
6475 6476
6476 6477
6477 6478
6478 6479
6479 6480
6480 6481
6481 6482
6482 6483
6483 6484
6484 6485
6485 6486
6486 6487
6487 6488
6488 6489
6489 6490
6490 6491
6491 6492
6492 6493
6493 6494
6494 6495
6495 6496
6496 6497
6497 6498
6498 6499
6499 6500
6500 6501
6501 6502
6502 6503
6503 6504
6504 6505
6505 6506
6506 6507
6507 6508
6508 6509
6509 6510
6510 6511
6511 6512
6512 6513
6513 6514
6514 6515
6515 6516
6516 6517
6517 6518
6518 6519
6519 6520
6520 6521
6521 6522
6522 6523
6523 6524
6524 6525
6525 6526
6526 6527
6527 6528
6528 6529
6529 6530
6530 6531
6531 6532
6532 6533
6533 6534
6534 6535
6535 6536
6536 6537
6537 6538
6538 6539
6539 6540
6540 6541
6541 6542
6542 6543
6543 6544
6544 6545
6545 6546
6546 6547
6547 6548
6548 6549
6549 6550
6550 6551
6551 6552
6552 6553
6553 6554
6554 6555
6555 6556
6556 6557
6557 6558
6558 6559
6559 6560
6560 6561
6561 6562
6562 6563
6563 6564
6564 6565
6565 6566
6566 6567
6567 6568
6568 6569
6569 6570
6570 6571
6571 6572
6572 6573
6573 6574
6574 6575
6575 6576
6576 6577
6577 6578
6578 6579
6579 6580
6580 6581
6581 6582
6582 6583
6583 6584
6584 6585
6585 6586
6586 6587
6587 6588
6588 6589
6589 6590
6590 6591
6591 6592
6592 6593
6593 6594
6594 6595
6595 6596
6596 6597
6597 6598
6598 6599
6599 6600
6600 6601
6601 6602
6602 6603
6603 6604
6604 6605
6605 6606
6606 6607
6607 6608
6608 6609
6609 6610
6610 6611
6611 6612
6612 6613
6613 6614
6614 6615
6615 6616
6616 6617
6617 6618
6618 6619
6619 6620
6620 6621
6621 6622
6622 6623
6623 6624
6624 6625
6625 6626
6626 6627
6627 6628
6628 6629
6629 6630
6630 6631
6631 6632
6632 6633
6633 6634
6634 6635
6635 6636
6636 6637
6637 6638
6638 6639
6639 6640
6640 6641
6641 6642
6642 6643
6643 6644
6644 6645
6645 6646
6646 6647
6647 6648
6648 6649
6649 6650
6650 6651
6651 6652
6652 6653
6653 6654
6654 6655
6655 6656
6656 6657
6657 6658
6658 6659
6659 6660
6660 6661
6661 6662
6662 6663
6663 6664
6664 6665
6665 6666
6666 6667
1 6667
2 6666
3 6665
4 6664
5 6663
6 6662
7 6661
8 6660
9 6659
10 6658
11 6657
12 6656
13 6655
14 6654
15 6653
16 6652
17 6651
18 6650
19 6649
20 6648
21 6647
22 6646
23 6645
24 6644
25 6643
26 6642
27 6641
28 6640
29 6639
30 6638
31 6637
32 6636
33 6635
34 6634
35 6633
36 6632
37 6631
38 6630
39 6629
40 6628
41 6627
42 6626
43 6625
44 6624
45 6623
46 6622
47 6621
48 6620
49 6619
50 6618
51 6617
52 6616
53 6615
54 6614
55 6613
56 6612
57 6611
58 6610
59 6609
60 6608
61 6607
62 6606
63 6605
64 6604
65 6603
66 6602
67 6601
68 6600
69 6599
70 6598
71 6597
72 6596
73 6595
74 6594
75 6593
76 6592
77 6591
78 6590
79 6589
80 6588
81 6587
82 6586
83 6585
84 6584
85 6583
86 6582
87 6581
88 6580
89 6579
90 6578
91 6577
92 6576
93 6575
94 6574
95 6573
96 6572
97 6571
98 6570
99 6569
100 6568
101 6567
102 6566
103 6565
104 6564
105 6563
106 6562
107 6561
108 6560
109 6559
110 6558
111 6557
112 6556
113 6555
114 6554
115 6553
116 6552
117 6551
118 6550
119 6549
120 6548
121 6547
122 6546
123 6545
124 6544
125 6543
126 6542
127 6541
128 6540
129 6539
130 6538
131 6537
132 6536
133 6535
134 6534
135 6533
136 6532
137 6531
138 6530
139 6529
140 6528
141 6527
142 6526
143 6525
144 6524
145 6523
146 6522
147 6521
148 6520
149 6519
150 6518
151 6517
152 6516
153 6515
154 6514
155 6513
156 6512
157 6511
158 6510
159 6509
160 6508
161 6507
162 6506
163 6505
164 6504
165 6503
166 6502
167 6501
168 6500
169 6499
170 6498
171 6497
172 6496
173 6495
174 6494
175 6493
176 6492
177 6491
178 6490
179 6489
180 6488
181 6487
182 6486
183 6485
184 6484
185 6483
186 6482
187 6481
188 6480
189 6479
190 6478
191 6477
192 6476
193 6475
194 6474
195 6473
196 6472
197 6471
198 6470
199 6469
200 6468
201 6467
202 6466
203 6465
204 6464
205 6463
206 6462
207 6461
208 6460
209 6459
210 6458
211 6457
212 6456
213 6455
214 6454
215 6453
216 6452
217 6451
218 6450
219 6449
220 6448
221 6447
222 6446
223 6445
224 6444
225 6443
226 6442
227 6441
228 6440
229 6439
230 6438
231 6437
232 6436
233 6435
234 6434
235 6433
236 6432
237 6431
238 6430
239 6429
240 6428
241 6427
242 6426
243 6425
244 6424
245 6423
246 6422
247 6421
248 6420
249 6419
250 6418
251 6417
252 6416
253 6415
254 6414
255 6413
256 6412
257 6411
258 6410
259 6409
260 6408
261 6407
262 6406
263 6405
264 6404
265 6403
266 6402
267 6401
268 6400
269 6399
270 6398
271 6397
272 6396
273 6395
274 6394
275 6393
276 6392
277 6391
278 6390
279 6389
280 6388
281 6387
282 6386
283 6385
284 6384
285 6383
286 6382
287 6381
288 6380
289 6379
290 6378
291 6377
292 6376
293 6375
294 6374
295 6373
296 6372
297 6371
298 6370
299 6369
300 6368
301 6367
302 6366
303 6365
304 6364
305 6363
306 6362
307 6361
308 6360
309 6359
310 6358
311 6357
312 6356
313 6355
314 6354
315 6353
316 6352
317 6351
318 6350
319 6349
320 6348
321 6347
322 6346
323 6345
324 6344
325 6343
326 6342
327 6341
328 6340
329 6339
330 6338
331 6337
332 6336
333 6335
334 6334
335 6333
336 6332
337 6331
338 6330
339 6329
340 6328
341 6327
342 6326
343 6325
344 6324
345 6323
346 6322
347 6321
348 6320
349 6319
350 6318
351 6317
352 6316
353 6315
354 6314
355 6313
356 6312
357 6311
358 6310
359 6309
360 6308
361 6307
362 6306
363 6305
364 6304
365 6303
366 6302
367 6301
368 6300
369 6299
370 6298
371 6297
372 6296
373 6295
374 6294
375 6293
376 6292
377 6291
378 6290
379 6289
380 6288
381 6287
382 6286
383 6285
384 6284
385 6283
386 6282
387 6281
388 6280
389 6279
390 6278
391 6277
392 6276
393 6275
394 6274
395 6273
396 6272
397 6271
398 6270
399 6269
400 6268
401 6267
402 6266
403 6265
404 6264
405 6263
406 6262
407 6261
408 6260
409 6259
410 6258
411 6257
412 6256
413 6255
414 6254
415 6253
416 6252
417 6251
418 6250
419 6249
420 6248
421 6247
422 6246
423 6245
424 6244
425 6243
426 6242
427 6241
428 6240
429 6239
430 6238
431 6237
432 6236
433 6235
434 6234
435 6233
436 6232
437 6231
438 6230
439 6229
440 6228
441 6227
442 6226
443 6225
444 6224
445 6223
446 6222
447 6221
448 6220
449 6219
450 6218
451 6217
452 6216
453 6215
454 6214
455 6213
456 6212
457 6211
458 6210
459 6209
460 6208
461 6207
462 6206
463 6205
464 6204
465 6203
466 6202
467 6201
468 6200
469 6199
470 6198
471 6197
472 6196
473 6195
474 6194
475 6193
476 6192
477 6191
478 6190
479 6189
480 6188
481 6187
482 6186
483 6185
484 6184
485 6183
486 6182
487 6181
488 6180
489 6179
490 6178
491 6177
492 6176
493 6175
494 6174
495 6173
496 6172
497 6171
498 6170
499 6169
500 6168
501 6167
502 6166
503 6165
504 6164
505 6163
506 6162
507 6161
508 6160
509 6159
510 6158
511 6157
512 6156
513 6155
514 6154
515 6153
516 6152
517 6151
518 6150
519 6149
520 6148
521 6147
522 6146
523 6145
524 6144
525 6143
526 6142
527 6141
528 6140
529 6139
530 6138
531 6137
532 6136
533 6135
534 6134
535 6133
536 6132
537 6131
538 6130
539 6129
540 6128
541 6127
542 6126
543 6125
544 6124
545 6123
546 6122
547 6121
548 6120
549 6119
550 6118
551 6117
552 6116
553 6115
554 6114
555 6113
556 6112
557 6111
558 6110
559 6109
560 6108
561 6107
562 6106
563 6105
564 6104
565 6103
566 6102
567 6101
568 6100
569 6099
570 6098
571 6097
572 6096
573 6095
574 6094
575 6093
576 6092
577 6091
578 6090
579 6089
580 6088
581 6087
582 6086
583 6085
584 6084
585 6083
586 6082
587 6081
588 6080
589 6079
590 6078
591 6077
592 6076
593 6075
594 6074
595 6073
596 6072
597 6071
598 6070
599 6069
600 6068
601 6067
602 6066
603 6065
604 6064
605 6063
606 6062
607 6061
608 6060
609 6059
610 6058
611 6057
612 6056
613 6055
614 6054
615 6053
616 6052
617 6051
618 6050
619 6049
620 6048
621 6047
622 6046
623 6045
624 6044
625 6043
626 6042
627 6041
628 6040
629 6039
630 6038
631 6037
632 6036
633 6035
634 6034
635 6033
636 6032
637 6031
638 6030
639 6029
640 6028
641 6027
642 6026
643 6025
644 6024
645 6023
646 6022
647 6021
648 6020
649 6019
650 6018
651 6017
652 6016
653 6015
654 6014
655 6013
656 6012
657 6011
658 6010
659 6009
660 6008
661 6007
662 6006
663 6005
664 6004
665 6003
666 6002
667 6001
668 6000
669 5999
670 5998
671 5997
672 5996
673 5995
674 5994
675 5993
676 5992
677 5991
678 5990
679 5989
680 5988
681 5987
682 5986
683 5985
684 5984
685 5983
686 5982
687 5981
688 5980
689 5979
690 5978
691 5977
692 5976
693 5975
694 5974
695 5973
696 5972
697 5971
698 5970
699 5969
700 5968
701 5967
702 5966
703 5965
704 5964
705 5963
706 5962
707 5961
708 5960
709 5959
710 5958
711 5957
712 5956
713 5955
714 5954
715 5953
716 5952
717 5951
718 5950
719 5949
720 5948
721 5947
722 5946
723 5945
724 5944
725 5943
726 5942
727 5941
728 5940
729 5939
730 5938
731 5937
732 5936
733 5935
734 5934
735 5933
736 5932
737 5931
738 5930
739 5929
740 5928
741 5927
742 5926
743 5925
744 5924
745 5923
746 5922
747 5921
748 5920
749 5919
750 5918
751 5917
752 5916
753 5915
754 5914
755 5913
756 5912
757 5911
758 5910
759 5909
760 5908
761 5907
762 5906
763 5905
764 5904
765 5903
766 5902
767 5901
768 5900
769 5899
770 5898
771 5897
772 5896
773 5895
774 5894
775 5893
776 5892
777 5891
778 5890
779 5889
780 5888
781 5887
782 5886
783 5885
784 5884
785 5883
786 5882
787 5881
788 5880
789 5879
790 5878
791 5877
792 5876
793 5875
794 5874
795 5873
796 5872
797 5871
798 5870
799 5869
800 5868
801 5867
802 5866
803 5865
804 5864
805 5863
806 5862
807 5861
808 5860
809 5859
810 5858
811 5857
812 5856
813 5855
814 5854
815 5853
816 5852
817 5851
818 5850
819 5849
820 5848
821 5847
822 5846
823 5845
824 5844
825 5843
826 5842
827 5841
828 5840
829 5839
830 5838
831 5837
832 5836
833 5835
834 5834
835 5833
836 5832
837 5831
838 5830
839 5829
840 5828
841 5827
842 5826
843 5825
844 5824
845 5823
846 5822
847 5821
848 5820
849 5819
850 5818
851 5817
852 5816
853 5815
854 5814
855 5813
856 5812
857 5811
858 5810
859 5809
860 5808
861 5807
862 5806
863 5805
864 5804
865 5803
866 5802
867 5801
868 5800
869 5799
870 5798
871 5797
872 5796
873 5795
874 5794
875 5793
876 5792
877 5791
878 5790
879 5789
880 5788
881 5787
882 5786
883 5785
884 5784
885 5783
886 5782
887 5781
888 5780
889 5779
890 5778
891 5777
892 5776
893 5775
894 5774
895 5773
896 5772
897 5771
898 5770
899 5769
900 5768
901 5767
902 5766
903 5765
904 5764
905 5763
906 5762
907 5761
908 5760
909 5759
910 5758
911 5757
912 5756
913 5755
914 5754
915 5753
916 5752
917 5751
918 5750
919 5749
920 5748
921 5747
922 5746
923 5745
924 5744
925 5743
926 5742
927 5741
928 5740
929 5739
930 5738
931 5737
932 5736
933 5735
934 5734
935 5733
936 5732
937 5731
938 5730
939 5729
940 5728
941 5727
942 5726
943 5725
944 5724
945 5723
946 5722
947 5721
948 5720
949 5719
950 5718
951 5717
952 5716
953 5715
954 5714
955 5713
956 5712
957 5711
958 5710
959 5709
960 5708
961 5707
962 5706
963 5705
964 5704
965 5703
966 5702
967 5701
968 5700
969 5699
970 5698
971 5697
972 5696
973 5695
974 5694
975 5693
976 5692
977 5691
978 5690
979 5689
980 5688
981 5687
982 5686
983 5685
984 5684
985 5683
986 5682
987 5681
988 5680
989 5679
990 5678
991 5677
992 5676
993 5675
994 5674
995 5673
996 5672
997 5671
998 5670
999 5669
1000 5668
1001 5667
1002 5666
1003 5665
1004 5664
1005 5663
1006 5662
1007 5661
1008 5660
1009 5659
1010 5658
1011 5657
1012 5656
1013 5655
1014 5654
1015 5653
1016 5652
1017 5651
1018 5650
1019 5649
1020 5648
1021 5647
1022 5646
1023 5645
1024 5644
1025 5643
1026 5642
1027 5641
1028 5640
1029 5639
1030 5638
1031 5637
1032 5636
1033 5635
1034 5634
1035 5633
1036 5632
1037 5631
1038 5630
1039 5629
1040 5628
1041 5627
1042 5626
1043 5625
1044 5624
1045 5623
1046 5622
1047 5621
1048 5620
1049 5619
1050 5618
1051 5617
1052 5616
1053 5615
1054 5614
1055 5613
1056 5612
1057 5611
1058 5610
1059 5609
1060 5608
1061 5607
1062 5606
1063 5605
1064 5604
1065 5603
1066 5602
1067 5601
1068 5600
1069 5599
1070 5598
1071 5597
1072 5596
1073 5595
1074 5594
1075 5593
1076 5592
1077 5591
1078 5590
1079 5589
1080 5588
1081 5587
1082 5586
1083 5585
1084 5584
1085 5583
1086 5582
1087 5581
1088 5580
1089 5579
1090 5578
1091 5577
1092 5576
1093 5575
1094 5574
1095 5573
1096 5572
1097 5571
1098 5570
1099 5569
1100 5568
1101 5567
1102 5566
1103 5565
1104 5564
1105 5563
1106 5562
1107 5561
1108 5560
1109 5559
1110 5558
1111 5557
1112 5556
1113 5555
1114 5554
1115 5553
1116 5552
1117 5551
1118 5550
1119 5549
1120 5548
1121 5547
1122 5546
1123 5545
1124 5544
1125 5543
1126 5542
1127 5541
1128 5540
1129 5539
1130 5538
1131 5537
1132 5536
1133 5535
1134 5534
1135 5533
1136 5532
1137 5531
1138 5530
1139 5529
1140 5528
1141 5527
1142 5526
1143 5525
1144 5524
1145 5523
1146 5522
1147 5521
1148 5520
1149 5519
1150 5518
1151 5517
1152 5516
1153 5515
1154 5514
1155 5513
1156 5512
1157 5511
1158 5510
1159 5509
1160 5508
1161 5507
1162 5506
1163 5505
1164 5504
1165 5503
1166 5502
1167 5501
1168 5500
1169 5499
1170 5498
1171 5497
1172 5496
1173 5495
1174 5494
1175 5493
1176 5492
1177 5491
1178 5490
1179 5489
1180 5488
1181 5487
1182 5486
1183 5485
1184 5484
1185 5483
1186 5482
1187 5481
1188 5480
1189 5479
1190 5478
1191 5477
1192 5476
1193 5475
1194 5474
1195 5473
1196 5472
1197 5471
1198 5470
1199 5469
1200 5468
1201 5467
1202 5466
1203 5465
1204 5464
1205 5463
1206 5462
1207 5461
1208 5460
1209 5459
1210 5458
1211 5457
1212 5456
1213 5455
1214 5454
1215 5453
1216 5452
1217 5451
1218 5450
1219 5449
1220 5448
1221 5447
1222 5446
1223 5445
1224 5444
1225 5443
1226 5442
1227 5441
1228 5440
1229 5439
1230 5438
1231 5437
1232 5436
1233 5435
1234 5434
1235 5433
1236 5432
1237 5431
1238 5430
1239 5429
1240 5428
1241 5427
1242 5426
1243 5425
1244 5424
1245 5423
1246 5422
1247 5421
1248 5420
1249 5419
1250 5418
1251 5417
1252 5416
1253 5415
1254 5414
1255 5413
1256 5412
1257 5411
1258 5410
1259 5409
1260 5408
1261 5407
1262 5406
1263 5405
1264 5404
1265 5403
1266 5402
1267 5401
1268 5400
1269 5399
1270 5398
1271 5397
1272 5396
1273 5395
1274 5394
1275 5393
1276 5392
1277 5391
1278 5390
1279 5389
1280 5388
1281 5387
1282 5386
1283 5385
1284 5384
1285 5383
1286 5382
1287 5381
1288 5380
1289 5379
1290 5378
1291 5377
1292 5376
1293 5375
1294 5374
1295 5373
1296 5372
1297 5371
1298 5370
1299 5369
1300 5368
1301 5367
1302 5366
1303 5365
1304 5364
1305 5363
1306 5362
1307 5361
1308 5360
1309 5359
1310 5358
1311 5357
1312 5356
1313 5355
1314 5354
1315 5353
1316 5352
1317 5351
1318 5350
1319 5349
1320 5348
1321 5347
1322 5346
1323 5345
1324 5344
1325 5343
1326 5342
1327 5341
1328 5340
1329 5339
1330 5338
1331 5337
1332 5336
1333 5335
1334 5334
1335 5333
1336 5332
1337 5331
1338 5330
1339 5329
1340 5328
1341 5327
1342 5326
1343 5325
1344 5324
1345 5323
1346 5322
1347 5321
1348 5320
1349 5319
1350 5318
1351 5317
1352 5316
1353 5315
1354 5314
1355 5313
1356 5312
1357 5311
1358 5310
1359 5309
1360 5308
1361 5307
1362 5306
1363 5305
1364 5304
1365 5303
1366 5302
1367 5301
1368 5300
1369 5299
1370 5298
1371 5297
1372 5296
1373 5295
1374 5294
1375 5293
1376 5292
1377 5291
1378 5290
1379 5289
1380 5288
1381 5287
1382 5286
1383 5285
1384 5284
1385 5283
1386 5282
1387 5281
1388 5280
1389 5279
1390 5278
1391 5277
1392 5276
1393 5275
1394 5274
1395 5273
1396 5272
1397 5271
1398 5270
1399 5269
1400 5268
1401 5267
1402 5266
1403 5265
1404 5264
1405 5263
1406 5262
1407 5261
1408 5260
1409 5259
1410 5258
1411 5257
1412 5256
1413 5255
1414 5254
1415 5253
1416 5252
1417 5251
1418 5250
1419 5249
1420 5248
1421 5247
1422 5246
1423 5245
1424 5244
1425 5243
1426 5242
1427 5241
1428 5240
1429 5239
1430 5238
1431 5237
1432 5236
1433 5235
1434 5234
1435 5233
1436 5232
1437 5231
1438 5230
1439 5229
1440 5228
1441 5227
1442 5226
1443 5225
1444 5224
1445 5223
1446 5222
1447 5221
1448 5220
1449 5219
1450 5218
1451 5217
1452 5216
1453 5215
1454 5214
1455 5213
1456 5212
1457 5211
1458 5210
1459 5209
1460 5208
1461 5207
1462 5206
1463 5205
1464 5204
1465 5203
1466 5202
1467 5201
1468 5200
1469 5199
1470 5198
1471 5197
1472 5196
1473 5195
1474 5194
1475 5193
1476 5192
1477 5191
1478 5190
1479 5189
1480 5188
1481 5187
1482 5186
1483 5185
1484 5184
1485 5183
1486 5182
1487 5181
1488 5180
1489 5179
1490 5178
1491 5177
1492 5176
1493 5175
1494 5174
1495 5173
1496 5172
1497 5171
1498 5170
1499 5169
1500 5168
1501 5167
1502 5166
1503 5165
1504 5164
1505 5163
1506 5162
1507 5161
1508 5160
1509 5159
1510 5158
1511 5157
1512 5156
1513 5155
1514 5154
1515 5153
1516 5152
1517 5151
1518 5150
1519 5149
1520 5148
1521 5147
1522 5146
1523 5145
1524 5144
1525 5143
1526 5142
1527 5141
1528 5140
1529 5139
1530 5138
1531 5137
1532 5136
1533 5135
1534 5134
1535 5133
1536 5132
1537 5131
1538 5130
1539 5129
1540 5128
1541 5127
1542 5126
1543 5125
1544 5124
1545 5123
1546 5122
1547 5121
1548 5120
1549 5119
1550 5118
1551 5117
1552 5116
1553 5115
1554 5114
1555 5113
1556 5112
1557 5111
1558 5110
1559 5109
1560 5108
1561 5107
1562 5106
1563 5105
1564 5104
1565 5103
1566 5102
1567 5101
1568 5100
1569 5099
1570 5098
1571 5097
1572 5096
1573 5095
1574 5094
1575 5093
1576 5092
1577 5091
1578 5090
1579 5089
1580 5088
1581 5087
1582 5086
1583 5085
1584 5084
1585 5083
1586 5082
1587 5081
1588 5080
1589 5079
1590 5078
1591 5077
1592 5076
1593 5075
1594 5074
1595 5073
1596 5072
1597 5071
1598 5070
1599 5069
1600 5068
1601 5067
1602 5066
1603 5065
1604 5064
1605 5063
1606 5062
1607 5061
1608 5060
1609 5059
1610 5058
1611 5057
1612 5056
1613 5055
1614 5054
1615 5053
1616 5052
1617 5051
1618 5050
1619 5049
1620 5048
1621 5047
1622 5046
1623 5045
1624 5044
1625 5043
1626 5042
1627 5041
1628 5040
1629 5039
1630 5038
1631 5037
1632 5036
1633 5035
1634 5034
1635 5033
1636 5032
1637 5031
1638 5030
1639 5029
1640 5028
1641 5027
1642 5026
1643 5025
1644 5024
1645 5023
1646 5022
1647 5021
1648 5020
1649 5019
1650 5018
1651 5017
1652 5016
1653 5015
1654 5014
1655 5013
1656 5012
1657 5011
1658 5010
1659 5009
1660 5008
1661 5007
1662 5006
1663 5005
1664 5004
1665 5003
1666 5002
1667 5001
1668 5000
1669 4999
1670 4998
1671 4997
1672 4996
1673 4995
1674 4994
1675 4993
1676 4992
1677 4991
1678 4990
1679 4989
1680 4988
1681 4987
1682 4986
1683 4985
1684 4984
1685 4983
1686 4982
1687 4981
1688 4980
1689 4979
1690 4978
1691 4977
1692 4976
1693 4975
1694 4974
1695 4973
1696 4972
1697 4971
1698 4970
1699 4969
1700 4968
1701 4967
1702 4966
1703 4965
1704 4964
1705 4963
1706 4962
1707 4961
1708 4960
1709 4959
1710 4958
1711 4957
1712 4956
1713 4955
1714 4954
1715 4953
1716 4952
1717 4951
1718 4950
1719 4949
1720 4948
1721 4947
1722 4946
1723 4945
1724 4944
1725 4943
1726 4942
1727 4941
1728 4940
1729 4939
1730 4938
1731 4937
1732 4936
1733 4935
1734 4934
1735 4933
1736 4932
1737 4931
1738 4930
1739 4929
1740 4928
1741 4927
1742 4926
1743 4925
1744 4924
1745 4923
1746 4922
1747 4921
1748 4920
1749 4919
1750 4918
1751 4917
1752 4916
1753 4915
1754 4914
1755 4913
1756 4912
1757 4911
1758 4910
1759 4909
1760 4908
1761 4907
1762 4906
1763 4905
1764 4904
1765 4903
1766 4902
1767 4901
1768 4900
1769 4899
1770 4898
1771 4897
1772 4896
1773 4895
1774 4894
1775 4893
1776 4892
1777 4891
1778 4890
1779 4889
1780 4888
1781 4887
1782 4886
1783 4885
1784 4884
1785 4883
1786 4882
1787 4881
1788 4880
1789 4879
1790 4878
1791 4877
1792 4876
1793 4875
1794 4874
1795 4873
1796 4872
1797 4871
1798 4870
1799 4869
1800 4868
1801 4867
1802 4866
1803 4865
1804 4864
1805 4863
1806 4862
1807 4861
1808 4860
1809 4859
1810 4858
1811 4857
1812 4856
1813 4855
1814 4854
1815 4853
1816 4852
1817 4851
1818 4850
1819 4849
1820 4848
1821 4847
1822 4846
1823 4845
1824 4844
1825 4843
1826 4842
1827 4841
1828 4840
1829 4839
1830 4838
1831 4837
1832 4836
1833 4835
1834 4834
1835 4833
1836 4832
1837 4831
1838 4830
1839 4829
1840 4828
1841 4827
1842 4826
1843 4825
1844 4824
1845 4823
1846 4822
1847 4821
1848 4820
1849 4819
1850 4818
1851 4817
1852 4816
1853 4815
1854 4814
1855 4813
1856 4812
1857 4811
1858 4810
1859 4809
1860 4808
1861 4807
1862 4806
1863 4805
1864 4804
1865 4803
1866 4802
1867 4801
1868 4800
1869 4799
1870 4798
1871 4797
1872 4796
1873 4795
1874 4794
1875 4793
1876 4792
1877 4791
1878 4790
1879 4789
1880 4788
1881 4787
1882 4786
1883 4785
1884 4784
1885 4783
1886 4782
1887 4781
1888 4780
1889 4779
1890 4778
1891 4777
1892 4776
1893 4775
1894 4774
1895 4773
1896 4772
1897 4771
1898 4770
1899 4769
1900 4768
1901 4767
1902 4766
1903 4765
1904 4764
1905 4763
1906 4762
1907 4761
1908 4760
1909 4759
1910 4758
1911 4757
1912 4756
1913 4755
1914 4754
1915 4753
1916 4752
1917 4751
1918 4750
1919 4749
1920 4748
1921 4747
1922 4746
1923 4745
1924 4744
1925 4743
1926 4742
1927 4741
1928 4740
1929 4739
1930 4738
1931 4737
1932 4736
1933 4735
1934 4734
1935 4733
1936 4732
1937 4731
1938 4730
1939 4729
1940 4728
1941 4727
1942 4726
1943 4725
1944 4724
1945 4723
1946 4722
1947 4721
1948 4720
1949 4719
1950 4718
1951 4717
1952 4716
1953 4715
1954 4714
1955 4713
1956 4712
1957 4711
1958 4710
1959 4709
1960 4708
1961 4707
1962 4706
1963 4705
1964 4704
1965 4703
1966 4702
1967 4701
1968 4700
1969 4699
1970 4698
1971 4697
1972 4696
1973 4695
1974 4694
1975 4693
1976 4692
1977 4691
1978 4690
1979 4689
1980 4688
1981 4687
1982 4686
1983 4685
1984 4684
1985 4683
1986 4682
1987 4681
1988 4680
1989 4679
1990 4678
1991 4677
1992 4676
1993 4675
1994 4674
1995 4673
1996 4672
1997 4671
1998 4670
1999 4669
2000 4668
2001 4667
2002 4666
2003 4665
2004 4664
2005 4663
2006 4662
2007 4661
2008 4660
2009 4659
2010 4658
2011 4657
2012 4656
2013 4655
2014 4654
2015 4653
2016 4652
2017 4651
2018 4650
2019 4649
2020 4648
2021 4647
2022 4646
2023 4645
2024 4644
2025 4643
2026 4642
2027 4641
2028 4640
2029 4639
2030 4638
2031 4637
2032 4636
2033 4635
2034 4634
2035 4633
2036 4632
2037 4631
2038 4630
2039 4629
2040 4628
2041 4627
2042 4626
2043 4625
2044 4624
2045 4623
2046 4622
2047 4621
2048 4620
2049 4619
2050 4618
2051 4617
2052 4616
2053 4615
2054 4614
2055 4613
2056 4612
2057 4611
2058 4610
2059 4609
2060 4608
2061 4607
2062 4606
2063 4605
2064 4604
2065 4603
2066 4602
2067 4601
2068 4600
2069 4599
2070 4598
2071 4597
2072 4596
2073 4595
2074 4594
2075 4593
2076 4592
2077 4591
2078 4590
2079 4589
2080 4588
2081 4587
2082 4586
2083 4585
2084 4584
2085 4583
2086 4582
2087 4581
2088 4580
2089 4579
2090 4578
2091 4577
2092 4576
2093 4575
2094 4574
2095 4573
2096 4572
2097 4571
2098 4570
2099 4569
2100 4568
2101 4567
2102 4566
2103 4565
2104 4564
2105 4563
2106 4562
2107 4561
2108 4560
2109 4559
2110 4558
2111 4557
2112 4556
2113 4555
2114 4554
2115 4553
2116 4552
2117 4551
2118 4550
2119 4549
2120 4548
2121 4547
2122 4546
2123 4545
2124 4544
2125 4543
2126 4542
2127 4541
2128 4540
2129 4539
2130 4538
2131 4537
2132 4536
2133 4535
2134 4534
2135 4533
2136 4532
2137 4531
2138 4530
2139 4529
2140 4528
2141 4527
2142 4526
2143 4525
2144 4524
2145 4523
2146 4522
2147 4521
2148 4520
2149 4519
2150 4518
2151 4517
2152 4516
2153 4515
2154 4514
2155 4513
2156 4512
2157 4511
2158 4510
2159 4509
2160 4508
2161 4507
2162 4506
2163 4505
2164 4504
2165 4503
2166 4502
2167 4501
2168 4500
2169 4499
2170 4498
2171 4497
2172 4496
2173 4495
2174 4494
2175 4493
2176 4492
2177 4491
2178 4490
2179 4489
2180 4488
2181 4487
2182 4486
2183 4485
2184 4484
2185 4483
2186 4482
2187 4481
2188 4480
2189 4479
2190 4478
2191 4477
2192 4476
2193 4475
2194 4474
2195 4473
2196 4472
2197 4471
2198 4470
2199 4469
2200 4468
2201 4467
2202 4466
2203 4465
2204 4464
2205 4463
2206 4462
2207 4461
2208 4460
2209 4459
2210 4458
2211 4457
2212 4456
2213 4455
2214 4454
2215 4453
2216 4452
2217 4451
2218 4450
2219 4449
2220 4448
2221 4447
2222 4446
2223 4445
2224 4444
2225 4443
2226 4442
2227 4441
2228 4440
2229 4439
2230 4438
2231 4437
2232 4436
2233 4435
2234 4434
2235 4433
2236 4432
2237 4431
2238 4430
2239 4429
2240 4428
2241 4427
2242 4426
2243 4425
2244 4424
2245 4423
2246 4422
2247 4421
2248 4420
2249 4419
2250 4418
2251 4417
2252 4416
2253 4415
2254 4414
2255 4413
2256 4412
2257 4411
2258 4410
2259 4409
2260 4408
2261 4407
2262 4406
2263 4405
2264 4404
2265 4403
2266 4402
2267 4401
2268 4400
2269 4399
2270 4398
2271 4397
2272 4396
2273 4395
2274 4394
2275 4393
2276 4392
2277 4391
2278 4390
2279 4389
2280 4388
2281 4387
2282 4386
2283 4385
2284 4384
2285 4383
2286 4382
2287 4381
2288 4380
2289 4379
2290 4378
2291 4377
2292 4376
2293 4375
2294 4374
2295 4373
2296 4372
2297 4371
2298 4370
2299 4369
2300 4368
2301 4367
2302 4366
2303 4365
2304 4364
2305 4363
2306 4362
2307 4361
2308 4360
2309 4359
2310 4358
2311 4357
2312 4356
2313 4355
2314 4354
2315 4353
2316 4352
2317 4351
2318 4350
2319 4349
2320 4348
2321 4347
2322 4346
2323 4345
2324 4344
2325 4343
2326 4342
2327 4341
2328 4340
2329 4339
2330 4338
2331 4337
2332 4336
2333 4335
2334 4334
2335 4333
2336 4332
2337 4331
2338 4330
2339 4329
2340 4328
2341 4327
2342 4326
2343 4325
2344 4324
2345 4323
2346 4322
2347 4321
2348 4320
2349 4319
2350 4318
2351 4317
2352 4316
2353 4315
2354 4314
2355 4313
2356 4312
2357 4311
2358 4310
2359 4309
2360 4308
2361 4307
2362 4306
2363 4305
2364 4304
2365 4303
2366 4302
2367 4301
2368 4300
2369 4299
2370 4298
2371 4297
2372 4296
2373 4295
2374 4294
2375 4293
2376 4292
2377 4291
2378 4290
2379 4289
2380 4288
2381 4287
2382 4286
2383 4285
2384 4284
2385 4283
2386 4282
2387 4281
2388 4280
2389 4279
2390 4278
2391 4277
2392 4276
2393 4275
2394 4274
2395 4273
2396 4272
2397 4271
2398 4270
2399 4269
2400 4268
2401 4267
2402 4266
2403 4265
2404 4264
2405 4263
2406 4262
2407 4261
2408 4260
2409 4259
2410 4258
2411 4257
2412 4256
2413 4255
2414 4254
2415 4253
2416 4252
2417 4251
2418 4250
2419 4249
2420 4248
2421 4247
2422 4246
2423 4245
2424 4244
2425 4243
2426 4242
2427 4241
2428 4240
2429 4239
2430 4238
2431 4237
2432 4236
2433 4235
2434 4234
2435 4233
2436 4232
2437 4231
2438 4230
2439 4229
2440 4228
2441 4227
2442 4226
2443 4225
2444 4224
2445 4223
2446 4222
2447 4221
2448 4220
2449 4219
2450 4218
2451 4217
2452 4216
2453 4215
2454 4214
2455 4213
2456 4212
2457 4211
2458 4210
2459 4209
2460 4208
2461 4207
2462 4206
2463 4205
2464 4204
2465 4203
2466 4202
2467 4201
2468 4200
2469 4199
2470 4198
2471 4197
2472 4196
2473 4195
2474 4194
2475 4193
2476 4192
2477 4191
2478 4190
2479 4189
2480 4188
2481 4187
2482 4186
2483 4185
2484 4184
2485 4183
2486 4182
2487 4181
2488 4180
2489 4179
2490 4178
2491 4177
2492 4176
2493 4175
2494 4174
2495 4173
2496 4172
2497 4171
2498 4170
2499 4169
2500 4168
2501 4167
2502 4166
2503 4165
2504 4164
2505 4163
2506 4162
2507 4161
2508 4160
2509 4159
2510 4158
2511 4157
2512 4156
2513 4155
2514 4154
2515 4153
2516 4152
2517 4151
2518 4150
2519 4149
2520 4148
2521 4147
2522 4146
2523 4145
2524 4144
2525 4143
2526 4142
2527 4141
2528 4140
2529 4139
2530 4138
2531 4137
2532 4136
2533 4135
2534 4134
2535 4133
2536 4132
2537 4131
2538 4130
2539 4129
2540 4128
2541 4127
2542 4126
2543 4125
2544 4124
2545 4123
2546 4122
2547 4121
2548 4120
2549 4119
2550 4118
2551 4117
2552 4116
2553 4115
2554 4114
2555 4113
2556 4112
2557 4111
2558 4110
2559 4109
2560 4108
2561 4107
2562 4106
2563 4105
2564 4104
2565 4103
2566 4102
2567 4101
2568 4100
2569 4099
2570 4098
2571 4097
2572 4096
2573 4095
2574 4094
2575 4093
2576 4092
2577 4091
2578 4090
2579 4089
2580 4088
2581 4087
2582 4086
2583 4085
2584 4084
2585 4083
2586 4082
2587 4081
2588 4080
2589 4079
2590 4078
2591 4077
2592 4076
2593 4075
2594 4074
2595 4073
2596 4072
2597 4071
2598 4070
2599 4069
2600 4068
2601 4067
2602 4066
2603 4065
2604 4064
2605 4063
2606 4062
2607 4061
2608 4060
2609 4059
2610 4058
2611 4057
2612 4056
2613 4055
2614 4054
2615 4053
2616 4052
2617 4051
2618 4050
2619 4049
2620 4048
2621 4047
2622 4046
2623 4045
2624 4044
2625 4043
2626 4042
2627 4041
2628 4040
2629 4039
2630 4038
2631 4037
2632 4036
2633 4035
2634 4034
2635 4033
2636 4032
2637 4031
2638 4030
2639 4029
2640 4028
2641 4027
2642 4026
2643 4025
2644 4024
2645 4023
2646 4022
2647 4021
2648 4020
2649 4019
2650 4018
2651 4017
2652 4016
2653 4015
2654 4014
2655 4013
2656 4012
2657 4011
2658 4010
2659 4009
2660 4008
2661 4007
2662 4006
2663 4005
2664 4004
2665 4003
2666 4002
2667 4001
2668 4000
2669 3999
2670 3998
2671 3997
2672 3996
2673 3995
2674 3994
2675 3993
2676 3992
2677 3991
2678 3990
2679 3989
2680 3988
2681 3987
2682 3986
2683 3985
2684 3984
2685 3983
2686 3982
2687 3981
2688 3980
2689 3979
2690 3978
2691 3977
2692 3976
2693 3975
2694 3974
2695 3973
2696 3972
2697 3971
2698 3970
2699 3969
2700 3968
2701 3967
2702 3966
2703 3965
2704 3964
2705 3963
2706 3962
2707 3961
2708 3960
2709 3959
2710 3958
2711 3957
2712 3956
2713 3955
2714 3954
2715 3953
2716 3952
2717 3951
2718 3950
2719 3949
2720 3948
2721 3947
2722 3946
2723 3945
2724 3944
2725 3943
2726 3942
2727 3941
2728 3940
2729 3939
2730 3938
2731 3937
2732 3936
2733 3935
2734 3934
2735 3933
2736 3932
2737 3931
2738 3930
2739 3929
2740 3928
2741 3927
2742 3926
2743 3925
2744 3924
2745 3923
2746 3922
2747 3921
2748 3920
2749 3919
2750 3918
2751 3917
2752 3916
2753 3915
2754 3914
2755 3913
2756 3912
2757 3911
2758 3910
2759 3909
2760 3908
2761 3907
2762 3906
2763 3905
2764 3904
2765 3903
2766 3902
2767 3901
2768 3900
2769 3899
2770 3898
2771 3897
2772 3896
2773 3895
2774 3894
2775 3893
2776 3892
2777 3891
2778 3890
2779 3889
2780 3888
2781 3887
2782 3886
2783 3885
2784 3884
2785 3883
2786 3882
2787 3881
2788 3880
2789 3879
2790 3878
2791 3877
2792 3876
2793 3875
2794 3874
2795 3873
2796 3872
2797 3871
2798 3870
2799 3869
2800 3868
2801 3867
2802 3866
2803 3865
2804 3864
2805 3863
2806 3862
2807 3861
2808 3860
2809 3859
2810 3858
2811 3857
2812 3856
2813 3855
2814 3854
2815 3853
2816 3852
2817 3851
2818 3850
2819 3849
2820 3848
2821 3847
2822 3846
2823 3845
2824 3844
2825 3843
2826 3842
2827 3841
2828 3840
2829 3839
2830 3838
2831 3837
2832 3836
2833 3835
2834 3834
2835 3833
2836 3832
2837 3831
2838 3830
2839 3829
2840 3828
2841 3827
2842 3826
2843 3825
2844 3824
2845 3823
2846 3822
2847 3821
2848 3820
2849 3819
2850 3818
2851 3817
2852 3816
2853 3815
2854 3814
2855 3813
2856 3812
2857 3811
2858 3810
2859 3809
2860 3808
2861 3807
2862 3806
2863 3805
2864 3804
2865 3803
2866 3802
2867 3801
2868 3800
2869 3799
2870 3798
2871 3797
2872 3796
2873 3795
2874 3794
2875 3793
2876 3792
2877 3791
2878 3790
2879 3789
2880 3788
2881 3787
2882 3786
2883 3785
2884 3784
2885 3783
2886 3782
2887 3781
2888 3780
2889 3779
2890 3778
2891 3777
2892 3776
2893 3775
2894 3774
2895 3773
2896 3772
2897 3771
2898 3770
2899 3769
2900 3768
2901 3767
2902 3766
2903 3765
2904 3764
2905 3763
2906 3762
2907 3761
2908 3760
2909 3759
2910 3758
2911 3757
2912 3756
2913 3755
2914 3754
2915 3753
2916 3752
2917 3751
2918 3750
2919 3749
2920 3748
2921 3747
2922 3746
2923 3745
2924 3744
2925 3743
2926 3742
2927 3741
2928 3740
2929 3739
2930 3738
2931 3737
2932 3736
2933 3735
2934 3734
2935 3733
2936 3732
2937 3731
2938 3730
2939 3729
2940 3728
2941 3727
2942 3726
2943 3725
2944 3724
2945 3723
2946 3722
2947 3721
2948 3720
2949 3719
2950 3718
2951 3717
2952 3716
2953 3715
2954 3714
2955 3713
2956 3712
2957 3711
2958 3710
2959 3709
2960 3708
2961 3707
2962 3706
2963 3705
2964 3704
2965 3703
2966 3702
2967 3701
2968 3700
2969 3699
2970 3698
2971 3697
2972 3696
2973 3695
2974 3694
2975 3693
2976 3692
2977 3691
2978 3690
2979 3689
2980 3688
2981 3687
2982 3686
2983 3685
2984 3684
2985 3683
2986 3682
2987 3681
2988 3680
2989 3679
2990 3678
2991 3677
2992 3676
2993 3675
2994 3674
2995 3673
2996 3672
2997 3671
2998 3670
2999 3669
3000 3668
3001 3667
3002 3666
3003 3665
3004 3664
3005 3663
3006 3662
3007 3661
3008 3660
3009 3659
3010 3658
3011 3657
3012 3656
3013 3655
3014 3654
3015 3653
3016 3652
3017 3651
3018 3650
3019 3649
3020 3648
3021 3647
3022 3646
3023 3645
3024 3644
3025 3643
3026 3642
3027 3641
3028 3640
3029 3639
3030 3638
3031 3637
3032 3636
3033 3635
3034 3634
3035 3633
3036 3632
3037 3631
3038 3630
3039 3629
3040 3628
3041 3627
3042 3626
3043 3625
3044 3624
3045 3623
3046 3622
3047 3621
3048 3620
3049 3619
3050 3618
3051 3617
3052 3616
3053 3615
3054 3614
3055 3613
3056 3612
3057 3611
3058 3610
3059 3609
3060 3608
3061 3607
3062 3606
3063 3605
3064 3604
3065 3603
3066 3602
3067 3601
3068 3600
3069 3599
3070 3598
3071 3597
3072 3596
3073 3595
3074 3594
3075 3593
3076 3592
3077 3591
3078 3590
3079 3589
3080 3588
3081 3587
3082 3586
3083 3585
3084 3584
3085 3583
3086 3582
3087 3581
3088 3580
3089 3579
3090 3578
3091 3577
3092 3576
3093 3575
3094 3574
3095 3573
3096 3572
3097 3571
3098 3570
3099 3569
3100 3568
3101 3567
3102 3566
3103 3565
3104 3564
3105 3563
3106 3562
3107 3561
3108 3560
3109 3559
3110 3558
3111 3557
3112 3556
3113 3555
3114 3554
3115 3553
3116 3552
3117 3551
3118 3550
3119 3549
3120 3548
3121 3547
3122 3546
3123 3545
3124 3544
3125 3543
3126 3542
3127 3541
3128 3540
3129 3539
3130 3538
3131 3537
3132 3536
3133 3535
3134 3534
3135 3533
3136 3532
3137 3531
3138 3530
3139 3529
3140 3528
3141 3527
3142 3526
3143 3525
3144 3524
3145 3523
3146 3522
3147 3521
3148 3520
3149 3519
3150 3518
3151 3517
3152 3516
3153 3515
3154 3514
3155 3513
3156 3512
3157 3511
3158 3510
3159 3509
3160 3508
3161 3507
3162 3506
3163 3505
3164 3504
3165 3503
3166 3502
3167 3501
3168 3500
3169 3499
3170 3498
3171 3497
3172 3496
3173 3495
3174 3494
3175 3493
3176 3492
3177 3491
3178 3490
3179 3489
3180 3488
3181 3487
3182 3486
3183 3485
3184 3484
3185 3483
3186 3482
3187 3481
3188 3480
3189 3479
3190 3478
3191 3477
3192 3476
3193 3475
3194 3474
3195 3473
3196 3472
3197 3471
3198 3470
3199 3469
3200 3468
3201 3467
3202 3466
3203 3465
3204 3464
3205 3463
3206 3462
3207 3461
3208 3460
3209 3459
3210 3458
3211 3457
3212 3456
3213 3455
3214 3454
3215 3453
3216 3452
3217 3451
3218 3450
3219 3449
3220 3448
3221 3447
3222 3446
3223 3445
3224 3444
3225 3443
3226 3442
3227 3441
3228 3440
3229 3439
3230 3438
3231 3437
3232 3436
3233 3435
3234 3434
3235 3433
3236 3432
3237 3431
3238 3430
3239 3429
3240 3428
3241 3427
3242 3426
3243 3425
3244 3424
3245 3423
3246 3422
3247 3421
3248 3420
3249 3419
3250 3418
3251 3417
3252 3416
3253 3415
3254 3414
3255 3413
3256 3412
3257 3411
3258 3410
3259 3409
3260 3408
3261 3407
3262 3406
3263 3405
3264 3404
3265 3403
3266 3402
3267 3401
3268 3400
3269 3399
3270 3398
3271 3397
3272 3396
3273 3395
3274 3394
3275 3393
3276 3392
3277 3391
3278 3390
3279 3389
3280 3388
3281 3387
3282 3386
3283 3385
3284 3384
3285 3383
3286 3382
3287 3381
3288 3380
3289 3379
3290 3378
3291 3377
3292 3376
3293 3375
3294 3374
3295 3373
3296 3372
3297 3371
3298 3370
3299 3369
3300 3368
3301 3367
3302 3366
3303 3365
3304 3364
3305 3363
3306 3362
3307 3361
3308 3360
3309 3359
3310 3358
3311 3357
3312 3356
3313 3355
3314 3354
3315 3353
3316 3352
3317 3351
3318 3350
3319 3349
3320 3348
3321 3347
3322 3346
3323 3345
3324 3344
3325 3343
3326 3342
3327 3341
3328 3340
3329 3339
3330 3338
3331 3337
3332 3336
3333 3335
