4445 6666
1 2
2 3
3 4
4 5
5 6
6 7
7 8
8 9
9 10
10 11
11 12
12 13
13 14
14 15
15 16
16 17
17 18
18 19
19 20
20 21
21 22
22 23
23 24
24 25
25 26
26 27
27 28
28 29
29 30
30 31
31 32
32 33
33 34
34 35
35 36
36 37
37 38
38 39
39 40
40 41
41 42
42 43
43 44
44 45
45 46
46 47
47 48
48 49
49 50
50 51
51 52
52 53
53 54
54 55
55 56
56 57
57 58
58 59
59 60
60 61
61 62
62 63
63 64
64 65
65 66
66 67
67 68
68 69
69 70
70 71
71 72
72 73
73 74
74 75
75 76
76 77
77 78
78 79
79 80
80 81
81 82
82 83
83 84
84 85
85 86
86 87
87 88
88 89
89 90
90 91
91 92
92 93
93 94
94 95
95 96
96 97
97 98
98 99
99 100
100 101
101 102
102 103
103 104
104 105
105 106
106 107
107 108
108 109
109 110
110 111
111 112
112 113
113 114
114 115
115 116
116 117
117 118
118 119
119 120
120 121
121 122
122 123
123 124
124 125
125 126
126 127
127 128
128 129
129 130
130 131
131 132
132 133
133 134
134 135
135 136
136 137
137 138
138 139
139 140
140 141
141 142
142 143
143 144
144 145
145 146
146 147
147 148
148 149
149 150
150 151
151 152
152 153
153 154
154 155
155 156
156 157
157 158
158 159
159 160
160 161
161 162
162 163
163 164
164 165
165 166
166 167
167 168
168 169
169 170
170 171
171 172
172 173
173 174
174 175
175 176
176 177
177 178
178 179
179 180
180 181
181 182
182 183
183 184
184 185
185 186
186 187
187 188
188 189
189 190
190 191
191 192
192 193
193 194
194 195
195 196
196 197
197 198
198 199
199 200
200 201
201 202
202 203
203 204
204 205
205 206
206 207
207 208
208 209
209 210
210 211
211 212
212 213
213 214
214 215
215 216
216 217
217 218
218 219
219 220
220 221
221 222
222 223
223 224
224 225
225 226
226 227
227 228
228 229
229 230
230 231
231 232
232 233
233 234
234 235
235 236
236 237
237 238
238 239
239 240
240 241
241 242
242 243
243 244
244 245
245 246
246 247
247 248
248 249
249 250
250 251
251 252
252 253
253 254
254 255
255 256
256 257
257 258
258 259
259 260
260 261
261 262
262 263
263 264
264 265
265 266
266 267
267 268
268 269
269 270
270 271
271 272
272 273
273 274
274 275
275 276
276 277
277 278
278 279
279 280
280 281
281 282
282 283
283 284
284 285
285 286
286 287
287 288
288 289
289 290
290 291
291 292
292 293
293 294
294 295
295 296
296 297
297 298
298 299
299 300
300 301
301 302
302 303
303 304
304 305
305 306
306 307
307 308
308 309
309 310
310 311
311 312
312 313
313 314
314 315
315 316
316 317
317 318
318 319
319 320
320 321
321 322
322 323
323 324
324 325
325 326
326 327
327 328
328 329
329 330
330 331
331 332
332 333
333 334
334 335
335 336
336 337
337 338
338 339
339 340
340 341
341 342
342 343
343 344
344 345
345 346
346 347
347 348
348 349
349 350
350 351
351 352
352 353
353 354
354 355
355 356
356 357
357 358
358 359
359 360
360 361
361 362
362 363
363 364
364 365
365 366
366 367
367 368
368 369
369 370
370 371
371 372
372 373
373 374
374 375
375 376
376 377
377 378
378 379
379 380
380 381
381 382
382 383
383 384
384 385
385 386
386 387
387 388
388 389
389 390
390 391
391 392
392 393
393 394
394 395
395 396
396 397
397 398
398 399
399 400
400 401
401 402
402 403
403 404
404 405
405 406
406 407
407 408
408 409
409 410
410 411
411 412
412 413
413 414
414 415
415 416
416 417
417 418
418 419
419 420
420 421
421 422
422 423
423 424
424 425
425 426
426 427
427 428
428 429
429 430
430 431
431 432
432 433
433 434
434 435
435 436
436 437
437 438
438 439
439 440
440 441
441 442
442 443
443 444
444 445
445 446
446 447
447 448
448 449
449 450
450 451
451 452
452 453
453 454
454 455
455 456
456 457
457 458
458 459
459 460
460 461
461 462
462 463
463 464
464 465
465 466
466 467
467 468
468 469
469 470
470 471
471 472
472 473
473 474
474 475
475 476
476 477
477 478
478 479
479 480
480 481
481 482
482 483
483 484
484 485
485 486
486 487
487 488
488 489
489 490
490 491
491 492
492 493
493 494
494 495
495 496
496 497
497 498
498 499
499 500
500 501
501 502
502 503
503 504
504 505
505 506
506 507
507 508
508 509
509 510
510 511
511 512
512 513
513 514
514 515
515 516
516 517
517 518
518 519
519 520
520 521
521 522
522 523
523 524
524 525
525 526
526 527
527 528
528 529
529 530
530 531
531 532
532 533
533 534
534 535
535 536
536 537
537 538
538 539
539 540
540 541
541 542
542 543
543 544
544 545
545 546
546 547
547 548
548 549
549 550
550 551
551 552
552 553
553 554
554 555
555 556
556 557
557 558
558 559
559 560
560 561
561 562
562 563
563 564
564 565
565 566
566 567
567 568
568 569
569 570
570 571
571 572
572 573
573 574
574 575
575 576
576 577
577 578
578 579
579 580
580 581
581 582
582 583
583 584
584 585
585 586
586 587
587 588
588 589
589 590
590 591
591 592
592 593
593 594
594 595
595 596
596 597
597 598
598 599
599 600
600 601
601 602
602 603
603 604
604 605
605 606
606 607
607 608
608 609
609 610
610 611
611 612
612 613
613 614
614 615
615 616
616 617
617 618
618 619
619 620
620 621
621 622
622 623
623 624
624 625
625 626
626 627
627 628
628 629
629 630
630 631
631 632
632 633
633 634
634 635
635 636
636 637
637 638
638 639
639 640
640 641
641 642
642 643
643 644
644 645
645 646
646 647
647 648
648 649
649 650
650 651
651 652
652 653
653 654
654 655
655 656
656 657
657 658
658 659
659 660
660 661
661 662
662 663
663 664
664 665
665 666
666 667
667 668
668 669
669 670
670 671
671 672
672 673
673 674
674 675
675 676
676 677
677 678
678 679
679 680
680 681
681 682
682 683
683 684
684 685
685 686
686 687
687 688
688 689
689 690
690 691
691 692
692 693
693 694
694 695
695 696
696 697
697 698
698 699
699 700
700 701
701 702
702 703
703 704
704 705
705 706
706 707
707 708
708 709
709 710
710 711
711 712
712 713
713 714
714 715
715 716
716 717
717 718
718 719
719 720
720 721
721 722
722 723
723 724
724 725
725 726
726 727
727 728
728 729
729 730
730 731
731 732
732 733
733 734
734 735
735 736
736 737
737 738
738 739
739 740
740 741
741 742
742 743
743 744
744 745
745 746
746 747
747 748
748 749
749 750
750 751
751 752
752 753
753 754
754 755
755 756
756 757
757 758
758 759
759 760
760 761
761 762
762 763
763 764
764 765
765 766
766 767
767 768
768 769
769 770
770 771
771 772
772 773
773 774
774 775
775 776
776 777
777 778
778 779
779 780
780 781
781 782
782 783
783 784
784 785
785 786
786 787
787 788
788 789
789 790
790 791
791 792
792 793
793 794
794 795
795 796
796 797
797 798
798 799
799 800
800 801
801 802
802 803
803 804
804 805
805 806
806 807
807 808
808 809
809 810
810 811
811 812
812 813
813 814
814 815
815 816
816 817
817 818
818 819
819 820
820 821
821 822
822 823
823 824
824 825
825 826
826 827
827 828
828 829
829 830
830 831
831 832
832 833
833 834
834 835
835 836
836 837
837 838
838 839
839 840
840 841
841 842
842 843
843 844
844 845
845 846
846 847
847 848
848 849
849 850
850 851
851 852
852 853
853 854
854 855
855 856
856 857
857 858
858 859
859 860
860 861
861 862
862 863
863 864
864 865
865 866
866 867
867 868
868 869
869 870
870 871
871 872
872 873
873 874
874 875
875 876
876 877
877 878
878 879
879 880
880 881
881 882
882 883
883 884
884 885
885 886
886 887
887 888
888 889
889 890
890 891
891 892
892 893
893 894
894 895
895 896
896 897
897 898
898 899
899 900
900 901
901 902
902 903
903 904
904 905
905 906
906 907
907 908
908 909
909 910
910 911
911 912
912 913
913 914
914 915
915 916
916 917
917 918
918 919
919 920
920 921
921 922
922 923
923 924
924 925
925 926
926 927
927 928
928 929
929 930
930 931
931 932
932 933
933 934
934 935
935 936
936 937
937 938
938 939
939 940
940 941
941 942
942 943
943 944
944 945
945 946
946 947
947 948
948 949
949 950
950 951
951 952
952 953
953 954
954 955
955 956
956 957
957 958
958 959
959 960
960 961
961 962
962 963
963 964
964 965
965 966
966 967
967 968
968 969
969 970
970 971
971 972
972 973
973 974
974 975
975 976
976 977
977 978
978 979
979 980
980 981
981 982
982 983
983 984
984 985
985 986
986 987
987 988
988 989
989 990
990 991
991 992
992 993
993 994
994 995
995 996
996 997
997 998
998 999
999 1000
1000 1001
1001 1002
1002 1003
1003 1004
1004 1005
1005 1006
1006 1007
1007 1008
1008 1009
1009 1010
1010 1011
1011 1012
1012 1013
1013 1014
1014 1015
1015 1016
1016 1017
1017 1018
1018 1019
1019 1020
1020 1021
1021 1022
1022 1023
1023 1024
1024 1025
1025 1026
1026 1027
1027 1028
1028 1029
1029 1030
1030 1031
1031 1032
1032 1033
1033 1034
1034 1035
1035 1036
1036 1037
1037 1038
1038 1039
1039 1040
1040 1041
1041 1042
1042 1043
1043 1044
1044 1045
1045 1046
1046 1047
1047 1048
1048 1049
1049 1050
1050 1051
1051 1052
1052 1053
1053 1054
1054 1055
1055 1056
1056 1057
1057 1058
1058 1059
1059 1060
1060 1061
1061 1062
1062 1063
1063 1064
1064 1065
1065 1066
1066 1067
1067 1068
1068 1069
1069 1070
1070 1071
1071 1072
1072 1073
1073 1074
1074 1075
1075 1076
1076 1077
1077 1078
1078 1079
1079 1080
1080 1081
1081 1082
1082 1083
1083 1084
1084 1085
1085 1086
1086 1087
1087 1088
1088 1089
1089 1090
1090 1091
1091 1092
1092 1093
1093 1094
1094 1095
1095 1096
1096 1097
1097 1098
1098 1099
1099 1100
1100 1101
1101 1102
1102 1103
1103 1104
1104 1105
1105 1106
1106 1107
1107 1108
1108 1109
1109 1110
1110 1111
1111 1112
1112 1113
1113 1114
1114 1115
1115 1116
1116 1117
1117 1118
1118 1119
1119 1120
1120 1121
1121 1122
1122 1123
1123 1124
1124 1125
1125 1126
1126 1127
1127 1128
1128 1129
1129 1130
1130 1131
1131 1132
1132 1133
1133 1134
1134 1135
1135 1136
1136 1137
1137 1138
1138 1139
1139 1140
1140 1141
1141 1142
1142 1143
1143 1144
1144 1145
1145 1146
1146 1147
1147 1148
1148 1149
1149 1150
1150 1151
1151 1152
1152 1153
1153 1154
1154 1155
1155 1156
1156 1157
1157 1158
1158 1159
1159 1160
1160 1161
1161 1162
1162 1163
1163 1164
1164 1165
1165 1166
1166 1167
1167 1168
1168 1169
1169 1170
1170 1171
1171 1172
1172 1173
1173 1174
1174 1175
1175 1176
1176 1177
1177 1178
1178 1179
1179 1180
1180 1181
1181 1182
1182 1183
1183 1184
1184 1185
1185 1186
1186 1187
1187 1188
1188 1189
1189 1190
1190 1191
1191 1192
1192 1193
1193 1194
1194 1195
1195 1196
1196 1197
1197 1198
1198 1199
1199 1200
1200 1201
1201 1202
1202 1203
1203 1204
1204 1205
1205 1206
1206 1207
1207 1208
1208 1209
1209 1210
1210 1211
1211 1212
1212 1213
1213 1214
1214 1215
1215 1216
1216 1217
1217 1218
1218 1219
1219 1220
1220 1221
1221 1222
1222 1223
1223 1224
1224 1225
1225 1226
1226 1227
1227 1228
1228 1229
1229 1230
1230 1231
1231 1232
1232 1233
1233 1234
1234 1235
1235 1236
1236 1237
1237 1238
1238 1239
1239 1240
1240 1241
1241 1242
1242 1243
1243 1244
1244 1245
1245 1246
1246 1247
1247 1248
1248 1249
1249 1250
1250 1251
1251 1252
1252 1253
1253 1254
1254 1255
1255 1256
1256 1257
1257 1258
1258 1259
1259 1260
1260 1261
1261 1262
1262 1263
1263 1264
1264 1265
1265 1266
1266 1267
1267 1268
1268 1269
1269 1270
1270 1271
1271 1272
1272 1273
1273 1274
1274 1275
1275 1276
1276 1277
1277 1278
1278 1279
1279 1280
1280 1281
1281 1282
1282 1283
1283 1284
1284 1285
1285 1286
1286 1287
1287 1288
1288 1289
1289 1290
1290 1291
1291 1292
1292 1293
1293 1294
1294 1295
1295 1296
1296 1297
1297 1298
1298 1299
1299 1300
1300 1301
1301 1302
1302 1303
1303 1304
1304 1305
1305 1306
1306 1307
1307 1308
1308 1309
1309 1310
1310 1311
1311 1312
1312 1313
1313 1314
1314 1315
1315 1316
1316 1317
1317 1318
1318 1319
1319 1320
1320 1321
1321 1322
1322 1323
1323 1324
1324 1325
1325 1326
1326 1327
1327 1328
1328 1329
1329 1330
1330 1331
1331 1332
1332 1333
1333 1334
1334 1335
1335 1336
1336 1337
1337 1338
1338 1339
1339 1340
1340 1341
1341 1342
1342 1343
1343 1344
1344 1345
1345 1346
1346 1347
1347 1348
1348 1349
1349 1350
1350 1351
1351 1352
1352 1353
1353 1354
1354 1355
1355 1356
1356 1357
1357 1358
1358 1359
1359 1360
1360 1361
1361 1362
1362 1363
1363 1364
1364 1365
1365 1366
1366 1367
1367 1368
1368 1369
1369 1370
1370 1371
1371 1372
1372 1373
1373 1374
1374 1375
1375 1376
1376 1377
1377 1378
1378 1379
1379 1380
1380 1381
1381 1382
1382 1383
1383 1384
1384 1385
1385 1386
1386 1387
1387 1388
1388 1389
1389 1390
1390 1391
1391 1392
1392 1393
1393 1394
1394 1395
1395 1396
1396 1397
1397 1398
1398 1399
1399 1400
1400 1401
1401 1402
1402 1403
1403 1404
1404 1405
1405 1406
1406 1407
1407 1408
1408 1409
1409 1410
1410 1411
1411 1412
1412 1413
1413 1414
1414 1415
1415 1416
1416 1417
1417 1418
1418 1419
1419 1420
1420 1421
1421 1422
1422 1423
1423 1424
1424 1425
1425 1426
1426 1427
1427 1428
1428 1429
1429 1430
1430 1431
1431 1432
1432 1433
1433 1434
1434 1435
1435 1436
1436 1437
1437 1438
1438 1439
1439 1440
1440 1441
1441 1442
1442 1443
1443 1444
1444 1445
1445 1446
1446 1447
1447 1448
1448 1449
1449 1450
1450 1451
1451 1452
1452 1453
1453 1454
1454 1455
1455 1456
1456 1457
1457 1458
1458 1459
1459 1460
1460 1461
1461 1462
1462 1463
1463 1464
1464 1465
1465 1466
1466 1467
1467 1468
1468 1469
1469 1470
1470 1471
1471 1472
1472 1473
1473 1474
1474 1475
1475 1476
1476 1477
1477 1478
1478 1479
1479 1480
1480 1481
1481 1482
1482 1483
1483 1484
1484 1485
1485 1486
1486 1487
1487 1488
1488 1489
1489 1490
1490 1491
1491 1492
1492 1493
1493 1494
1494 1495
1495 1496
1496 1497
1497 1498
1498 1499
1499 1500
1500 1501
1501 1502
1502 1503
1503 1504
1504 1505
1505 1506
1506 1507
1507 1508
1508 1509
1509 1510
1510 1511
1511 1512
1512 1513
1513 1514
1514 1515
1515 1516
1516 1517
1517 1518
1518 1519
1519 1520
1520 1521
1521 1522
1522 1523
1523 1524
1524 1525
1525 1526
1526 1527
1527 1528
1528 1529
1529 1530
1530 1531
1531 1532
1532 1533
1533 1534
1534 1535
1535 1536
1536 1537
1537 1538
1538 1539
1539 1540
1540 1541
1541 1542
1542 1543
1543 1544
1544 1545
1545 1546
1546 1547
1547 1548
1548 1549
1549 1550
1550 1551
1551 1552
1552 1553
1553 1554
1554 1555
1555 1556
1556 1557
1557 1558
1558 1559
1559 1560
1560 1561
1561 1562
1562 1563
1563 1564
1564 1565
1565 1566
1566 1567
1567 1568
1568 1569
1569 1570
1570 1571
1571 1572
1572 1573
1573 1574
1574 1575
1575 1576
1576 1577
1577 1578
1578 1579
1579 1580
1580 1581
1581 1582
1582 1583
1583 1584
1584 1585
1585 1586
1586 1587
1587 1588
1588 1589
1589 1590
1590 1591
1591 1592
1592 1593
1593 1594
1594 1595
1595 1596
1596 1597
1597 1598
1598 1599
1599 1600
1600 1601
1601 1602
1602 1603
1603 1604
1604 1605
1605 1606
1606 1607
1607 1608
1608 1609
1609 1610
1610 1611
1611 1612
1612 1613
1613 1614
1614 1615
1615 1616
1616 1617
1617 1618
1618 1619
1619 1620
1620 1621
1621 1622
1622 1623
1623 1624
1624 1625
1625 1626
1626 1627
1627 1628
1628 1629
1629 1630
1630 1631
1631 1632
1632 1633
1633 1634
1634 1635
1635 1636
1636 1637
1637 1638
1638 1639
1639 1640
1640 1641
1641 1642
1642 1643
1643 1644
1644 1645
1645 1646
1646 1647
1647 1648
1648 1649
1649 1650
1650 1651
1651 1652
1652 1653
1653 1654
1654 1655
1655 1656
1656 1657
1657 1658
1658 1659
1659 1660
1660 1661
1661 1662
1662 1663
1663 1664
1664 1665
1665 1666
1666 1667
1667 1668
1668 1669
1669 1670
1670 1671
1671 1672
1672 1673
1673 1674
1674 1675
1675 1676
1676 1677
1677 1678
1678 1679
1679 1680
1680 1681
1681 1682
1682 1683
1683 1684
1684 1685
1685 1686
1686 1687
1687 1688
1688 1689
1689 1690
1690 1691
1691 1692
1692 1693
1693 1694
1694 1695
1695 1696
1696 1697
1697 1698
1698 1699
1699 1700
1700 1701
1701 1702
1702 1703
1703 1704
1704 1705
1705 1706
1706 1707
1707 1708
1708 1709
1709 1710
1710 1711
1711 1712
1712 1713
1713 1714
1714 1715
1715 1716
1716 1717
1717 1718
1718 1719
1719 1720
1720 1721
1721 1722
1722 1723
1723 1724
1724 1725
1725 1726
1726 1727
1727 1728
1728 1729
1729 1730
1730 1731
1731 1732
1732 1733
1733 1734
1734 1735
1735 1736
1736 1737
1737 1738
1738 1739
1739 1740
1740 1741
1741 1742
1742 1743
1743 1744
1744 1745
1745 1746
1746 1747
1747 1748
1748 1749
1749 1750
1750 1751
1751 1752
1752 1753
1753 1754
1754 1755
1755 1756
1756 1757
1757 1758
1758 1759
1759 1760
1760 1761
1761 1762
1762 1763
1763 1764
1764 1765
1765 1766
1766 1767
1767 1768
1768 1769
1769 1770
1770 1771
1771 1772
1772 1773
1773 1774
1774 1775
1775 1776
1776 1777
1777 1778
1778 1779
1779 1780
1780 1781
1781 1782
1782 1783
1783 1784
1784 1785
1785 1786
1786 1787
1787 1788
1788 1789
1789 1790
1790 1791
1791 1792
1792 1793
1793 1794
1794 1795
1795 1796
1796 1797
1797 1798
1798 1799
1799 1800
1800 1801
1801 1802
1802 1803
1803 1804
1804 1805
1805 1806
1806 1807
1807 1808
1808 1809
1809 1810
1810 1811
1811 1812
1812 1813
1813 1814
1814 1815
1815 1816
1816 1817
1817 1818
1818 1819
1819 1820
1820 1821
1821 1822
1822 1823
1823 1824
1824 1825
1825 1826
1826 1827
1827 1828
1828 1829
1829 1830
1830 1831
1831 1832
1832 1833
1833 1834
1834 1835
1835 1836
1836 1837
1837 1838
1838 1839
1839 1840
1840 1841
1841 1842
1842 1843
1843 1844
1844 1845
1845 1846
1846 1847
1847 1848
1848 1849
1849 1850
1850 1851
1851 1852
1852 1853
1853 1854
1854 1855
1855 1856
1856 1857
1857 1858
1858 1859
1859 1860
1860 1861
1861 1862
1862 1863
1863 1864
1864 1865
1865 1866
1866 1867
1867 1868
1868 1869
1869 1870
1870 1871
1871 1872
1872 1873
1873 1874
1874 1875
1875 1876
1876 1877
1877 1878
1878 1879
1879 1880
1880 1881
1881 1882
1882 1883
1883 1884
1884 1885
1885 1886
1886 1887
1887 1888
1888 1889
1889 1890
1890 1891
1891 1892
1892 1893
1893 1894
1894 1895
1895 1896
1896 1897
1897 1898
1898 1899
1899 1900
1900 1901
1901 1902
1902 1903
1903 1904
1904 1905
1905 1906
1906 1907
1907 1908
1908 1909
1909 1910
1910 1911
1911 1912
1912 1913
1913 1914
1914 1915
1915 1916
1916 1917
1917 1918
1918 1919
1919 1920
1920 1921
1921 1922
1922 1923
1923 1924
1924 1925
1925 1926
1926 1927
1927 1928
1928 1929
1929 1930
1930 1931
1931 1932
1932 1933
1933 1934
1934 1935
1935 1936
1936 1937
1937 1938
1938 1939
1939 1940
1940 1941
1941 1942
1942 1943
1943 1944
1944 1945
1945 1946
1946 1947
1947 1948
1948 1949
1949 1950
1950 1951
1951 1952
1952 1953
1953 1954
1954 1955
1955 1956
1956 1957
1957 1958
1958 1959
1959 1960
1960 1961
1961 1962
1962 1963
1963 1964
1964 1965
1965 1966
1966 1967
1967 1968
1968 1969
1969 1970
1970 1971
1971 1972
1972 1973
1973 1974
1974 1975
1975 1976
1976 1977
1977 1978
1978 1979
1979 1980
1980 1981
1981 1982
1982 1983
1983 1984
1984 1985
1985 1986
1986 1987
1987 1988
1988 1989
1989 1990
1990 1991
1991 1992
1992 1993
1993 1994
1994 1995
1995 1996
1996 1997
1997 1998
1998 1999
1999 2000
2000 2001
2001 2002
2002 2003
2003 2004
2004 2005
2005 2006
2006 2007
2007 2008
2008 2009
2009 2010
2010 2011
2011 2012
2012 2013
2013 2014
2014 2015
2015 2016
2016 2017
2017 2018
2018 2019
2019 2020
2020 2021
2021 2022
2022 2023
2023 2024
2024 2025
2025 2026
2026 2027
2027 2028
2028 2029
2029 2030
2030 2031
2031 2032
2032 2033
2033 2034
2034 2035
2035 2036
2036 2037
2037 2038
2038 2039
2039 2040
2040 2041
2041 2042
2042 2043
2043 2044
2044 2045
2045 2046
2046 2047
2047 2048
2048 2049
2049 2050
2050 2051
2051 2052
2052 2053
2053 2054
2054 2055
2055 2056
2056 2057
2057 2058
2058 2059
2059 2060
2060 2061
2061 2062
2062 2063
2063 2064
2064 2065
2065 2066
2066 2067
2067 2068
2068 2069
2069 2070
2070 2071
2071 2072
2072 2073
2073 2074
2074 2075
2075 2076
2076 2077
2077 2078
2078 2079
2079 2080
2080 2081
2081 2082
2082 2083
2083 2084
2084 2085
2085 2086
2086 2087
2087 2088
2088 2089
2089 2090
2090 2091
2091 2092
2092 2093
2093 2094
2094 2095
2095 2096
2096 2097
2097 2098
2098 2099
2099 2100
2100 2101
2101 2102
2102 2103
2103 2104
2104 2105
2105 2106
2106 2107
2107 2108
2108 2109
2109 2110
2110 2111
2111 2112
2112 2113
2113 2114
2114 2115
2115 2116
2116 2117
2117 2118
2118 2119
2119 2120
2120 2121
2121 2122
2122 2123
2123 2124
2124 2125
2125 2126
2126 2127
2127 2128
2128 2129
2129 2130
2130 2131
2131 2132
2132 2133
2133 2134
2134 2135
2135 2136
2136 2137
2137 2138
2138 2139
2139 2140
2140 2141
2141 2142
2142 2143
2143 2144
2144 2145
2145 2146
2146 2147
2147 2148
2148 2149
2149 2150
2150 2151
2151 2152
2152 2153
2153 2154
2154 2155
2155 2156
2156 2157
2157 2158
2158 2159
2159 2160
2160 2161
2161 2162
2162 2163
2163 2164
2164 2165
2165 2166
2166 2167
2167 2168
2168 2169
2169 2170
2170 2171
2171 2172
2172 2173
2173 2174
2174 2175
2175 2176
2176 2177
2177 2178
2178 2179
2179 2180
2180 2181
2181 2182
2182 2183
2183 2184
2184 2185
2185 2186
2186 2187
2187 2188
2188 2189
2189 2190
2190 2191
2191 2192
2192 2193
2193 2194
2194 2195
2195 2196
2196 2197
2197 2198
2198 2199
2199 2200
2200 2201
2201 2202
2202 2203
2203 2204
2204 2205
2205 2206
2206 2207
2207 2208
2208 2209
2209 2210
2210 2211
2211 2212
2212 2213
2213 2214
2214 2215
2215 2216
2216 2217
2217 2218
2218 2219
2219 2220
2220 2221
2221 2222
2222 2223
2223 2224
2224 2225
2225 2226
2226 2227
2227 2228
2228 2229
2229 2230
2230 2231
2231 2232
2232 2233
2233 2234
2234 2235
2235 2236
2236 2237
2237 2238
2238 2239
2239 2240
2240 2241
2241 2242
2242 2243
2243 2244
2244 2245
2245 2246
2246 2247
2247 2248
2248 2249
2249 2250
2250 2251
2251 2252
2252 2253
2253 2254
2254 2255
2255 2256
2256 2257
2257 2258
2258 2259
2259 2260
2260 2261
2261 2262
2262 2263
2263 2264
2264 2265
2265 2266
2266 2267
2267 2268
2268 2269
2269 2270
2270 2271
2271 2272
2272 2273
2273 2274
2274 2275
2275 2276
2276 2277
2277 2278
2278 2279
2279 2280
2280 2281
2281 2282
2282 2283
2283 2284
2284 2285
2285 2286
2286 2287
2287 2288
2288 2289
2289 2290
2290 2291
2291 2292
2292 2293
2293 2294
2294 2295
2295 2296
2296 2297
2297 2298
2298 2299
2299 2300
2300 2301
2301 2302
2302 2303
2303 2304
2304 2305
2305 2306
2306 2307
2307 2308
2308 2309
2309 2310
2310 2311
2311 2312
2312 2313
2313 2314
2314 2315
2315 2316
2316 2317
2317 2318
2318 2319
2319 2320
2320 2321
2321 2322
2322 2323
2323 2324
2324 2325
2325 2326
2326 2327
2327 2328
2328 2329
2329 2330
2330 2331
2331 2332
2332 2333
2333 2334
2334 2335
2335 2336
2336 2337
2337 2338
2338 2339
2339 2340
2340 2341
2341 2342
2342 2343
2343 2344
2344 2345
2345 2346
2346 2347
2347 2348
2348 2349
2349 2350
2350 2351
2351 2352
2352 2353
2353 2354
2354 2355
2355 2356
2356 2357
2357 2358
2358 2359
2359 2360
2360 2361
2361 2362
2362 2363
2363 2364
2364 2365
2365 2366
2366 2367
2367 2368
2368 2369
2369 2370
2370 2371
2371 2372
2372 2373
2373 2374
2374 2375
2375 2376
2376 2377
2377 2378
2378 2379
2379 2380
2380 2381
2381 2382
2382 2383
2383 2384
2384 2385
2385 2386
2386 2387
2387 2388
2388 2389
2389 2390
2390 2391
2391 2392
2392 2393
2393 2394
2394 2395
2395 2396
2396 2397
2397 2398
2398 2399
2399 2400
2400 2401
2401 2402
2402 2403
2403 2404
2404 2405
2405 2406
2406 2407
2407 2408
2408 2409
2409 2410
2410 2411
2411 2412
2412 2413
2413 2414
2414 2415
2415 2416
2416 2417
2417 2418
2418 2419
2419 2420
2420 2421
2421 2422
2422 2423
2423 2424
2424 2425
2425 2426
2426 2427
2427 2428
2428 2429
2429 2430
2430 2431
2431 2432
2432 2433
2433 2434
2434 2435
2435 2436
2436 2437
2437 2438
2438 2439
2439 2440
2440 2441
2441 2442
2442 2443
2443 2444
2444 2445
2445 2446
2446 2447
2447 2448
2448 2449
2449 2450
2450 2451
2451 2452
2452 2453
2453 2454
2454 2455
2455 2456
2456 2457
2457 2458
2458 2459
2459 2460
2460 2461
2461 2462
2462 2463
2463 2464
2464 2465
2465 2466
2466 2467
2467 2468
2468 2469
2469 2470
2470 2471
2471 2472
2472 2473
2473 2474
2474 2475
2475 2476
2476 2477
2477 2478
2478 2479
2479 2480
2480 2481
2481 2482
2482 2483
2483 2484
2484 2485
2485 2486
2486 2487
2487 2488
2488 2489
2489 2490
2490 2491
2491 2492
2492 2493
2493 2494
2494 2495
2495 2496
2496 2497
2497 2498
2498 2499
2499 2500
2500 2501
2501 2502
2502 2503
2503 2504
2504 2505
2505 2506
2506 2507
2507 2508
2508 2509
2509 2510
2510 2511
2511 2512
2512 2513
2513 2514
2514 2515
2515 2516
2516 2517
2517 2518
2518 2519
2519 2520
2520 2521
2521 2522
2522 2523
2523 2524
2524 2525
2525 2526
2526 2527
2527 2528
2528 2529
2529 2530
2530 2531
2531 2532
2532 2533
2533 2534
2534 2535
2535 2536
2536 2537
2537 2538
2538 2539
2539 2540
2540 2541
2541 2542
2542 2543
2543 2544
2544 2545
2545 2546
2546 2547
2547 2548
2548 2549
2549 2550
2550 2551
2551 2552
2552 2553
2553 2554
2554 2555
2555 2556
2556 2557
2557 2558
2558 2559
2559 2560
2560 2561
2561 2562
2562 2563
2563 2564
2564 2565
2565 2566
2566 2567
2567 2568
2568 2569
2569 2570
2570 2571
2571 2572
2572 2573
2573 2574
2574 2575
2575 2576
2576 2577
2577 2578
2578 2579
2579 2580
2580 2581
2581 2582
2582 2583
2583 2584
2584 2585
2585 2586
2586 2587
2587 2588
2588 2589
2589 2590
2590 2591
2591 2592
2592 2593
2593 2594
2594 2595
2595 2596
2596 2597
2597 2598
2598 2599
2599 2600
2600 2601
2601 2602
2602 2603
2603 2604
2604 2605
2605 2606
2606 2607
2607 2608
2608 2609
2609 2610
2610 2611
2611 2612
2612 2613
2613 2614
2614 2615
2615 2616
2616 2617
2617 2618
2618 2619
2619 2620
2620 2621
2621 2622
2622 2623
2623 2624
2624 2625
2625 2626
2626 2627
2627 2628
2628 2629
2629 2630
2630 2631
2631 2632
2632 2633
2633 2634
2634 2635
2635 2636
2636 2637
2637 2638
2638 2639
2639 2640
2640 2641
2641 2642
2642 2643
2643 2644
2644 2645
2645 2646
2646 2647
2647 2648
2648 2649
2649 2650
2650 2651
2651 2652
2652 2653
2653 2654
2654 2655
2655 2656
2656 2657
2657 2658
2658 2659
2659 2660
2660 2661
2661 2662
2662 2663
2663 2664
2664 2665
2665 2666
2666 2667
2667 2668
2668 2669
2669 2670
2670 2671
2671 2672
2672 2673
2673 2674
2674 2675
2675 2676
2676 2677
2677 2678
2678 2679
2679 2680
2680 2681
2681 2682
2682 2683
2683 2684
2684 2685
2685 2686
2686 2687
2687 2688
2688 2689
2689 2690
2690 2691
2691 2692
2692 2693
2693 2694
2694 2695
2695 2696
2696 2697
2697 2698
2698 2699
2699 2700
2700 2701
2701 2702
2702 2703
2703 2704
2704 2705
2705 2706
2706 2707
2707 2708
2708 2709
2709 2710
2710 2711
2711 2712
2712 2713
2713 2714
2714 2715
2715 2716
2716 2717
2717 2718
2718 2719
2719 2720
2720 2721
2721 2722
2722 2723
2723 2724
2724 2725
2725 2726
2726 2727
2727 2728
2728 2729
2729 2730
2730 2731
2731 2732
2732 2733
2733 2734
2734 2735
2735 2736
2736 2737
2737 2738
2738 2739
2739 2740
2740 2741
2741 2742
2742 2743
2743 2744
2744 2745
2745 2746
2746 2747
2747 2748
2748 2749
2749 2750
2750 2751
2751 2752
2752 2753
2753 2754
2754 2755
2755 2756
2756 2757
2757 2758
2758 2759
2759 2760
2760 2761
2761 2762
2762 2763
2763 2764
2764 2765
2765 2766
2766 2767
2767 2768
2768 2769
2769 2770
2770 2771
2771 2772
2772 2773
2773 2774
2774 2775
2775 2776
2776 2777
2777 2778
2778 2779
2779 2780
2780 2781
2781 2782
2782 2783
2783 2784
2784 2785
2785 2786
2786 2787
2787 2788
2788 2789
2789 2790
2790 2791
2791 2792
2792 2793
2793 2794
2794 2795
2795 2796
2796 2797
2797 2798
2798 2799
2799 2800
2800 2801
2801 2802
2802 2803
2803 2804
2804 2805
2805 2806
2806 2807
2807 2808
2808 2809
2809 2810
2810 2811
2811 2812
2812 2813
2813 2814
2814 2815
2815 2816
2816 2817
2817 2818
2818 2819
2819 2820
2820 2821
2821 2822
2822 2823
2823 2824
2824 2825
2825 2826
2826 2827
2827 2828
2828 2829
2829 2830
2830 2831
2831 2832
2832 2833
2833 2834
2834 2835
2835 2836
2836 2837
2837 2838
2838 2839
2839 2840
2840 2841
2841 2842
2842 2843
2843 2844
2844 2845
2845 2846
2846 2847
2847 2848
2848 2849
2849 2850
2850 2851
2851 2852
2852 2853
2853 2854
2854 2855
2855 2856
2856 2857
2857 2858
2858 2859
2859 2860
2860 2861
2861 2862
2862 2863
2863 2864
2864 2865
2865 2866
2866 2867
2867 2868
2868 2869
2869 2870
2870 2871
2871 2872
2872 2873
2873 2874
2874 2875
2875 2876
2876 2877
2877 2878
2878 2879
2879 2880
2880 2881
2881 2882
2882 2883
2883 2884
2884 2885
2885 2886
2886 2887
2887 2888
2888 2889
2889 2890
2890 2891
2891 2892
2892 2893
2893 2894
2894 2895
2895 2896
2896 2897
2897 2898
2898 2899
2899 2900
2900 2901
2901 2902
2902 2903
2903 2904
2904 2905
2905 2906
2906 2907
2907 2908
2908 2909
2909 2910
2910 2911
2911 2912
2912 2913
2913 2914
2914 2915
2915 2916
2916 2917
2917 2918
2918 2919
2919 2920
2920 2921
2921 2922
2922 2923
2923 2924
2924 2925
2925 2926
2926 2927
2927 2928
2928 2929
2929 2930
2930 2931
2931 2932
2932 2933
2933 2934
2934 2935
2935 2936
2936 2937
2937 2938
2938 2939
2939 2940
2940 2941
2941 2942
2942 2943
2943 2944
2944 2945
2945 2946
2946 2947
2947 2948
2948 2949
2949 2950
2950 2951
2951 2952
2952 2953
2953 2954
2954 2955
2955 2956
2956 2957
2957 2958
2958 2959
2959 2960
2960 2961
2961 2962
2962 2963
2963 2964
2964 2965
2965 2966
2966 2967
2967 2968
2968 2969
2969 2970
2970 2971
2971 2972
2972 2973
2973 2974
2974 2975
2975 2976
2976 2977
2977 2978
2978 2979
2979 2980
2980 2981
2981 2982
2982 2983
2983 2984
2984 2985
2985 2986
2986 2987
2987 2988
2988 2989
2989 2990
2990 2991
2991 2992
2992 2993
2993 2994
2994 2995
2995 2996
2996 2997
2997 2998
2998 2999
2999 3000
3000 3001
3001 3002
3002 3003
3003 3004
3004 3005
3005 3006
3006 3007
3007 3008
3008 3009
3009 3010
3010 3011
3011 3012
3012 3013
3013 3014
3014 3015
3015 3016
3016 3017
3017 3018
3018 3019
3019 3020
3020 3021
3021 3022
3022 3023
3023 3024
3024 3025
3025 3026
3026 3027
3027 3028
3028 3029
3029 3030
3030 3031
3031 3032
3032 3033
3033 3034
3034 3035
3035 3036
3036 3037
3037 3038
3038 3039
3039 3040
3040 3041
3041 3042
3042 3043
3043 3044
3044 3045
3045 3046
3046 3047
3047 3048
3048 3049
3049 3050
3050 3051
3051 3052
3052 3053
3053 3054
3054 3055
3055 3056
3056 3057
3057 3058
3058 3059
3059 3060
3060 3061
3061 3062
3062 3063
3063 3064
3064 3065
3065 3066
3066 3067
3067 3068
3068 3069
3069 3070
3070 3071
3071 3072
3072 3073
3073 3074
3074 3075
3075 3076
3076 3077
3077 3078
3078 3079
3079 3080
3080 3081
3081 3082
3082 3083
3083 3084
3084 3085
3085 3086
3086 3087
3087 3088
3088 3089
3089 3090
3090 3091
3091 3092
3092 3093
3093 3094
3094 3095
3095 3096
3096 3097
3097 3098
3098 3099
3099 3100
3100 3101
3101 3102
3102 3103
3103 3104
3104 3105
3105 3106
3106 3107
3107 3108
3108 3109
3109 3110
3110 3111
3111 3112
3112 3113
3113 3114
3114 3115
3115 3116
3116 3117
3117 3118
3118 3119
3119 3120
3120 3121
3121 3122
3122 3123
3123 3124
3124 3125
3125 3126
3126 3127
3127 3128
3128 3129
3129 3130
3130 3131
3131 3132
3132 3133
3133 3134
3134 3135
3135 3136
3136 3137
3137 3138
3138 3139
3139 3140
3140 3141
3141 3142
3142 3143
3143 3144
3144 3145
3145 3146
3146 3147
3147 3148
3148 3149
3149 3150
3150 3151
3151 3152
3152 3153
3153 3154
3154 3155
3155 3156
3156 3157
3157 3158
3158 3159
3159 3160
3160 3161
3161 3162
3162 3163
3163 3164
3164 3165
3165 3166
3166 3167
3167 3168
3168 3169
3169 3170
3170 3171
3171 3172
3172 3173
3173 3174
3174 3175
3175 3176
3176 3177
3177 3178
3178 3179
3179 3180
3180 3181
3181 3182
3182 3183
3183 3184
3184 3185
3185 3186
3186 3187
3187 3188
3188 3189
3189 3190
3190 3191
3191 3192
3192 3193
3193 3194
3194 3195
3195 3196
3196 3197
3197 3198
3198 3199
3199 3200
3200 3201
3201 3202
3202 3203
3203 3204
3204 3205
3205 3206
3206 3207
3207 3208
3208 3209
3209 3210
3210 3211
3211 3212
3212 3213
3213 3214
3214 3215
3215 3216
3216 3217
3217 3218
3218 3219
3219 3220
3220 3221
3221 3222
3222 3223
3223 3224
3224 3225
3225 3226
3226 3227
3227 3228
3228 3229
3229 3230
3230 3231
3231 3232
3232 3233
3233 3234
3234 3235
3235 3236
3236 3237
3237 3238
3238 3239
3239 3240
3240 3241
3241 3242
3242 3243
3243 3244
3244 3245
3245 3246
3246 3247
3247 3248
3248 3249
3249 3250
3250 3251
3251 3252
3252 3253
3253 3254
3254 3255
3255 3256
3256 3257
3257 3258
3258 3259
3259 3260
3260 3261
3261 3262
3262 3263
3263 3264
3264 3265
3265 3266
3266 3267
3267 3268
3268 3269
3269 3270
3270 3271
3271 3272
3272 3273
3273 3274
3274 3275
3275 3276
3276 3277
3277 3278
3278 3279
3279 3280
3280 3281
3281 3282
3282 3283
3283 3284
3284 3285
3285 3286
3286 3287
3287 3288
3288 3289
3289 3290
3290 3291
3291 3292
3292 3293
3293 3294
3294 3295
3295 3296
3296 3297
3297 3298
3298 3299
3299 3300
3300 3301
3301 3302
3302 3303
3303 3304
3304 3305
3305 3306
3306 3307
3307 3308
3308 3309
3309 3310
3310 3311
3311 3312
3312 3313
3313 3314
3314 3315
3315 3316
3316 3317
3317 3318
3318 3319
3319 3320
3320 3321
3321 3322
3322 3323
3323 3324
3324 3325
3325 3326
3326 3327
3327 3328
3328 3329
3329 3330
3330 3331
3331 3332
3332 3333
3333 3334
3334 3335
3335 3336
3336 3337
3337 3338
3338 3339
3339 3340
3340 3341
3341 3342
3342 3343
3343 3344
3344 3345
3345 3346
3346 3347
3347 3348
3348 3349
3349 3350
3350 3351
3351 3352
3352 3353
3353 3354
3354 3355
3355 3356
3356 3357
3357 3358
3358 3359
3359 3360
3360 3361
3361 3362
3362 3363
3363 3364
3364 3365
3365 3366
3366 3367
3367 3368
3368 3369
3369 3370
3370 3371
3371 3372
3372 3373
3373 3374
3374 3375
3375 3376
3376 3377
3377 3378
3378 3379
3379 3380
3380 3381
3381 3382
3382 3383
3383 3384
3384 3385
3385 3386
3386 3387
3387 3388
3388 3389
3389 3390
3390 3391
3391 3392
3392 3393
3393 3394
3394 3395
3395 3396
3396 3397
3397 3398
3398 3399
3399 3400
3400 3401
3401 3402
3402 3403
3403 3404
3404 3405
3405 3406
3406 3407
3407 3408
3408 3409
3409 3410
3410 3411
3411 3412
3412 3413
3413 3414
3414 3415
3415 3416
3416 3417
3417 3418
3418 3419
3419 3420
3420 3421
3421 3422
3422 3423
3423 3424
3424 3425
3425 3426
3426 3427
3427 3428
3428 3429
3429 3430
3430 3431
3431 3432
3432 3433
3433 3434
3434 3435
3435 3436
3436 3437
3437 3438
3438 3439
3439 3440
3440 3441
3441 3442
3442 3443
3443 3444
3444 3445
3445 3446
3446 3447
3447 3448
3448 3449
3449 3450
3450 3451
3451 3452
3452 3453
3453 3454
3454 3455
3455 3456
3456 3457
3457 3458
3458 3459
3459 3460
3460 3461
3461 3462
3462 3463
3463 3464
3464 3465
3465 3466
3466 3467
3467 3468
3468 3469
3469 3470
3470 3471
3471 3472
3472 3473
3473 3474
3474 3475
3475 3476
3476 3477
3477 3478
3478 3479
3479 3480
3480 3481
3481 3482
3482 3483
3483 3484
3484 3485
3485 3486
3486 3487
3487 3488
3488 3489
3489 3490
3490 3491
3491 3492
3492 3493
3493 3494
3494 3495
3495 3496
3496 3497
3497 3498
3498 3499
3499 3500
3500 3501
3501 3502
3502 3503
3503 3504
3504 3505
3505 3506
3506 3507
3507 3508
3508 3509
3509 3510
3510 3511
3511 3512
3512 3513
3513 3514
3514 3515
3515 3516
3516 3517
3517 3518
3518 3519
3519 3520
3520 3521
3521 3522
3522 3523
3523 3524
3524 3525
3525 3526
3526 3527
3527 3528
3528 3529
3529 3530
3530 3531
3531 3532
3532 3533
3533 3534
3534 3535
3535 3536
3536 3537
3537 3538
3538 3539
3539 3540
3540 3541
3541 3542
3542 3543
3543 3544
3544 3545
3545 3546
3546 3547
3547 3548
3548 3549
3549 3550
3550 3551
3551 3552
3552 3553
3553 3554
3554 3555
3555 3556
3556 3557
3557 3558
3558 3559
3559 3560
3560 3561
3561 3562
3562 3563
3563 3564
3564 3565
3565 3566
3566 3567
3567 3568
3568 3569
3569 3570
3570 3571
3571 3572
3572 3573
3573 3574
3574 3575
3575 3576
3576 3577
3577 3578
3578 3579
3579 3580
3580 3581
3581 3582
3582 3583
3583 3584
3584 3585
3585 3586
3586 3587
3587 3588
3588 3589
3589 3590
3590 3591
3591 3592
3592 3593
3593 3594
3594 3595
3595 3596
3596 3597
3597 3598
3598 3599
3599 3600
3600 3601
3601 3602
3602 3603
3603 3604
3604 3605
3605 3606
3606 3607
3607 3608
3608 3609
3609 3610
3610 3611
3611 3612
3612 3613
3613 3614
3614 3615
3615 3616
3616 3617
3617 3618
3618 3619
3619 3620
3620 3621
3621 3622
3622 3623
3623 3624
3624 3625
3625 3626
3626 3627
3627 3628
3628 3629
3629 3630
3630 3631
3631 3632
3632 3633
3633 3634
3634 3635
3635 3636
3636 3637
3637 3638
3638 3639
3639 3640
3640 3641
3641 3642
3642 3643
3643 3644
3644 3645
3645 3646
3646 3647
3647 3648
3648 3649
3649 3650
3650 3651
3651 3652
3652 3653
3653 3654
3654 3655
3655 3656
3656 3657
3657 3658
3658 3659
3659 3660
3660 3661
3661 3662
3662 3663
3663 3664
3664 3665
3665 3666
3666 3667
3667 3668
3668 3669
3669 3670
3670 3671
3671 3672
3672 3673
3673 3674
3674 3675
3675 3676
3676 3677
3677 3678
3678 3679
3679 3680
3680 3681
3681 3682
3682 3683
3683 3684
3684 3685
3685 3686
3686 3687
3687 3688
3688 3689
3689 3690
3690 3691
3691 3692
3692 3693
3693 3694
3694 3695
3695 3696
3696 3697
3697 3698
3698 3699
3699 3700
3700 3701
3701 3702
3702 3703
3703 3704
3704 3705
3705 3706
3706 3707
3707 3708
3708 3709
3709 3710
3710 3711
3711 3712
3712 3713
3713 3714
3714 3715
3715 3716
3716 3717
3717 3718
3718 3719
3719 3720
3720 3721
3721 3722
3722 3723
3723 3724
3724 3725
3725 3726
3726 3727
3727 3728
3728 3729
3729 3730
3730 3731
3731 3732
3732 3733
3733 3734
3734 3735
3735 3736
3736 3737
3737 3738
3738 3739
3739 3740
3740 3741
3741 3742
3742 3743
3743 3744
3744 3745
3745 3746
3746 3747
3747 3748
3748 3749
3749 3750
3750 3751
3751 3752
3752 3753
3753 3754
3754 3755
3755 3756
3756 3757
3757 3758
3758 3759
3759 3760
3760 3761
3761 3762
3762 3763
3763 3764
3764 3765
3765 3766
3766 3767
3767 3768
3768 3769
3769 3770
3770 3771
3771 3772
3772 3773
3773 3774
3774 3775
3775 3776
3776 3777
3777 3778
3778 3779
3779 3780
3780 3781
3781 3782
3782 3783
3783 3784
3784 3785
3785 3786
3786 3787
3787 3788
3788 3789
3789 3790
3790 3791
3791 3792
3792 3793
3793 3794
3794 3795
3795 3796
3796 3797
3797 3798
3798 3799
3799 3800
3800 3801
3801 3802
3802 3803
3803 3804
3804 3805
3805 3806
3806 3807
3807 3808
3808 3809
3809 3810
3810 3811
3811 3812
3812 3813
3813 3814
3814 3815
3815 3816
3816 3817
3817 3818
3818 3819
3819 3820
3820 3821
3821 3822
3822 3823
3823 3824
3824 3825
3825 3826
3826 3827
3827 3828
3828 3829
3829 3830
3830 3831
3831 3832
3832 3833
3833 3834
3834 3835
3835 3836
3836 3837
3837 3838
3838 3839
3839 3840
3840 3841
3841 3842
3842 3843
3843 3844
3844 3845
3845 3846
3846 3847
3847 3848
3848 3849
3849 3850
3850 3851
3851 3852
3852 3853
3853 3854
3854 3855
3855 3856
3856 3857
3857 3858
3858 3859
3859 3860
3860 3861
3861 3862
3862 3863
3863 3864
3864 3865
3865 3866
3866 3867
3867 3868
3868 3869
3869 3870
3870 3871
3871 3872
3872 3873
3873 3874
3874 3875
3875 3876
3876 3877
3877 3878
3878 3879
3879 3880
3880 3881
3881 3882
3882 3883
3883 3884
3884 3885
3885 3886
3886 3887
3887 3888
3888 3889
3889 3890
3890 3891
3891 3892
3892 3893
3893 3894
3894 3895
3895 3896
3896 3897
3897 3898
3898 3899
3899 3900
3900 3901
3901 3902
3902 3903
3903 3904
3904 3905
3905 3906
3906 3907
3907 3908
3908 3909
3909 3910
3910 3911
3911 3912
3912 3913
3913 3914
3914 3915
3915 3916
3916 3917
3917 3918
3918 3919
3919 3920
3920 3921
3921 3922
3922 3923
3923 3924
3924 3925
3925 3926
3926 3927
3927 3928
3928 3929
3929 3930
3930 3931
3931 3932
3932 3933
3933 3934
3934 3935
3935 3936
3936 3937
3937 3938
3938 3939
3939 3940
3940 3941
3941 3942
3942 3943
3943 3944
3944 3945
3945 3946
3946 3947
3947 3948
3948 3949
3949 3950
3950 3951
3951 3952
3952 3953
3953 3954
3954 3955
3955 3956
3956 3957
3957 3958
3958 3959
3959 3960
3960 3961
3961 3962
3962 3963
3963 3964
3964 3965
3965 3966
3966 3967
3967 3968
3968 3969
3969 3970
3970 3971
3971 3972
3972 3973
3973 3974
3974 3975
3975 3976
3976 3977
3977 3978
3978 3979
3979 3980
3980 3981
3981 3982
3982 3983
3983 3984
3984 3985
3985 3986
3986 3987
3987 3988
3988 3989
3989 3990
3990 3991
3991 3992
3992 3993
3993 3994
3994 3995
3995 3996
3996 3997
3997 3998
3998 3999
3999 4000
4000 4001
4001 4002
4002 4003
4003 4004
4004 4005
4005 4006
4006 4007
4007 4008
4008 4009
4009 4010
4010 4011
4011 4012
4012 4013
4013 4014
4014 4015
4015 4016
4016 4017
4017 4018
4018 4019
4019 4020
4020 4021
4021 4022
4022 4023
4023 4024
4024 4025
4025 4026
4026 4027
4027 4028
4028 4029
4029 4030
4030 4031
4031 4032
4032 4033
4033 4034
4034 4035
4035 4036
4036 4037
4037 4038
4038 4039
4039 4040
4040 4041
4041 4042
4042 4043
4043 4044
4044 4045
4045 4046
4046 4047
4047 4048
4048 4049
4049 4050
4050 4051
4051 4052
4052 4053
4053 4054
4054 4055
4055 4056
4056 4057
4057 4058
4058 4059
4059 4060
4060 4061
4061 4062
4062 4063
4063 4064
4064 4065
4065 4066
4066 4067
4067 4068
4068 4069
4069 4070
4070 4071
4071 4072
4072 4073
4073 4074
4074 4075
4075 4076
4076 4077
4077 4078
4078 4079
4079 4080
4080 4081
4081 4082
4082 4083
4083 4084
4084 4085
4085 4086
4086 4087
4087 4088
4088 4089
4089 4090
4090 4091
4091 4092
4092 4093
4093 4094
4094 4095
4095 4096
4096 4097
4097 4098
4098 4099
4099 4100
4100 4101
4101 4102
4102 4103
4103 4104
4104 4105
4105 4106
4106 4107
4107 4108
4108 4109
4109 4110
4110 4111
4111 4112
4112 4113
4113 4114
4114 4115
4115 4116
4116 4117
4117 4118
4118 4119
4119 4120
4120 4121
4121 4122
4122 4123
4123 4124
4124 4125
4125 4126
4126 4127
4127 4128
4128 4129
4129 4130
4130 4131
4131 4132
4132 4133
4133 4134
4134 4135
4135 4136
4136 4137
4137 4138
4138 4139
4139 4140
4140 4141
4141 4142
4142 4143
4143 4144
4144 4145
4145 4146
4146 4147
4147 4148
4148 4149
4149 4150
4150 4151
4151 4152
4152 4153
4153 4154
4154 4155
4155 4156
4156 4157
4157 4158
4158 4159
4159 4160
4160 4161
4161 4162
4162 4163
4163 4164
4164 4165
4165 4166
4166 4167
4167 4168
4168 4169
4169 4170
4170 4171
4171 4172
4172 4173
4173 4174
4174 4175
4175 4176
4176 4177
4177 4178
4178 4179
4179 4180
4180 4181
4181 4182
4182 4183
4183 4184
4184 4185
4185 4186
4186 4187
4187 4188
4188 4189
4189 4190
4190 4191
4191 4192
4192 4193
4193 4194
4194 4195
4195 4196
4196 4197
4197 4198
4198 4199
4199 4200
4200 4201
4201 4202
4202 4203
4203 4204
4204 4205
4205 4206
4206 4207
4207 4208
4208 4209
4209 4210
4210 4211
4211 4212
4212 4213
4213 4214
4214 4215
4215 4216
4216 4217
4217 4218
4218 4219
4219 4220
4220 4221
4221 4222
4222 4223
4223 4224
4224 4225
4225 4226
4226 4227
4227 4228
4228 4229
4229 4230
4230 4231
4231 4232
4232 4233
4233 4234
4234 4235
4235 4236
4236 4237
4237 4238
4238 4239
4239 4240
4240 4241
4241 4242
4242 4243
4243 4244
4244 4245
4245 4246
4246 4247
4247 4248
4248 4249
4249 4250
4250 4251
4251 4252
4252 4253
4253 4254
4254 4255
4255 4256
4256 4257
4257 4258
4258 4259
4259 4260
4260 4261
4261 4262
4262 4263
4263 4264
4264 4265
4265 4266
4266 4267
4267 4268
4268 4269
4269 4270
4270 4271
4271 4272
4272 4273
4273 4274
4274 4275
4275 4276
4276 4277
4277 4278
4278 4279
4279 4280
4280 4281
4281 4282
4282 4283
4283 4284
4284 4285
4285 4286
4286 4287
4287 4288
4288 4289
4289 4290
4290 4291
4291 4292
4292 4293
4293 4294
4294 4295
4295 4296
4296 4297
4297 4298
4298 4299
4299 4300
4300 4301
4301 4302
4302 4303
4303 4304
4304 4305
4305 4306
4306 4307
4307 4308
4308 4309
4309 4310
4310 4311
4311 4312
4312 4313
4313 4314
4314 4315
4315 4316
4316 4317
4317 4318
4318 4319
4319 4320
4320 4321
4321 4322
4322 4323
4323 4324
4324 4325
4325 4326
4326 4327
4327 4328
4328 4329
4329 4330
4330 4331
4331 4332
4332 4333
4333 4334
4334 4335
4335 4336
4336 4337
4337 4338
4338 4339
4339 4340
4340 4341
4341 4342
4342 4343
4343 4344
4344 4345
4345 4346
4346 4347
4347 4348
4348 4349
4349 4350
4350 4351
4351 4352
4352 4353
4353 4354
4354 4355
4355 4356
4356 4357
4357 4358
4358 4359
4359 4360
4360 4361
4361 4362
4362 4363
4363 4364
4364 4365
4365 4366
4366 4367
4367 4368
4368 4369
4369 4370
4370 4371
4371 4372
4372 4373
4373 4374
4374 4375
4375 4376
4376 4377
4377 4378
4378 4379
4379 4380
4380 4381
4381 4382
4382 4383
4383 4384
4384 4385
4385 4386
4386 4387
4387 4388
4388 4389
4389 4390
4390 4391
4391 4392
4392 4393
4393 4394
4394 4395
4395 4396
4396 4397
4397 4398
4398 4399
4399 4400
4400 4401
4401 4402
4402 4403
4403 4404
4404 4405
4405 4406
4406 4407
4407 4408
4408 4409
4409 4410
4410 4411
4411 4412
4412 4413
4413 4414
4414 4415
4415 4416
4416 4417
4417 4418
4418 4419
4419 4420
4420 4421
4421 4422
4422 4423
4423 4424
4424 4425
4425 4426
4426 4427
4427 4428
4428 4429
4429 4430
4430 4431
4431 4432
4432 4433
4433 4434
4434 4435
4435 4436
4436 4437
4437 4438
4438 4439
4439 4440
4440 4441
4441 4442
4442 4443
4443 4444
4444 4445
1 4445
2 4444
3 4443
4 4442
5 4441
6 4440
7 4439
8 4438
9 4437
10 4436
11 4435
12 4434
13 4433
14 4432
15 4431
16 4430
17 4429
18 4428
19 4427
20 4426
21 4425
22 4424
23 4423
24 4422
25 4421
26 4420
27 4419
28 4418
29 4417
30 4416
31 4415
32 4414
33 4413
34 4412
35 4411
36 4410
37 4409
38 4408
39 4407
40 4406
41 4405
42 4404
43 4403
44 4402
45 4401
46 4400
47 4399
48 4398
49 4397
50 4396
51 4395
52 4394
53 4393
54 4392
55 4391
56 4390
57 4389
58 4388
59 4387
60 4386
61 4385
62 4384
63 4383
64 4382
65 4381
66 4380
67 4379
68 4378
69 4377
70 4376
71 4375
72 4374
73 4373
74 4372
75 4371
76 4370
77 4369
78 4368
79 4367
80 4366
81 4365
82 4364
83 4363
84 4362
85 4361
86 4360
87 4359
88 4358
89 4357
90 4356
91 4355
92 4354
93 4353
94 4352
95 4351
96 4350
97 4349
98 4348
99 4347
100 4346
101 4345
102 4344
103 4343
104 4342
105 4341
106 4340
107 4339
108 4338
109 4337
110 4336
111 4335
112 4334
113 4333
114 4332
115 4331
116 4330
117 4329
118 4328
119 4327
120 4326
121 4325
122 4324
123 4323
124 4322
125 4321
126 4320
127 4319
128 4318
129 4317
130 4316
131 4315
132 4314
133 4313
134 4312
135 4311
136 4310
137 4309
138 4308
139 4307
140 4306
141 4305
142 4304
143 4303
144 4302
145 4301
146 4300
147 4299
148 4298
149 4297
150 4296
151 4295
152 4294
153 4293
154 4292
155 4291
156 4290
157 4289
158 4288
159 4287
160 4286
161 4285
162 4284
163 4283
164 4282
165 4281
166 4280
167 4279
168 4278
169 4277
170 4276
171 4275
172 4274
173 4273
174 4272
175 4271
176 4270
177 4269
178 4268
179 4267
180 4266
181 4265
182 4264
183 4263
184 4262
185 4261
186 4260
187 4259
188 4258
189 4257
190 4256
191 4255
192 4254
193 4253
194 4252
195 4251
196 4250
197 4249
198 4248
199 4247
200 4246
201 4245
202 4244
203 4243
204 4242
205 4241
206 4240
207 4239
208 4238
209 4237
210 4236
211 4235
212 4234
213 4233
214 4232
215 4231
216 4230
217 4229
218 4228
219 4227
220 4226
221 4225
222 4224
223 4223
224 4222
225 4221
226 4220
227 4219
228 4218
229 4217
230 4216
231 4215
232 4214
233 4213
234 4212
235 4211
236 4210
237 4209
238 4208
239 4207
240 4206
241 4205
242 4204
243 4203
244 4202
245 4201
246 4200
247 4199
248 4198
249 4197
250 4196
251 4195
252 4194
253 4193
254 4192
255 4191
256 4190
257 4189
258 4188
259 4187
260 4186
261 4185
262 4184
263 4183
264 4182
265 4181
266 4180
267 4179
268 4178
269 4177
270 4176
271 4175
272 4174
273 4173
274 4172
275 4171
276 4170
277 4169
278 4168
279 4167
280 4166
281 4165
282 4164
283 4163
284 4162
285 4161
286 4160
287 4159
288 4158
289 4157
290 4156
291 4155
292 4154
293 4153
294 4152
295 4151
296 4150
297 4149
298 4148
299 4147
300 4146
301 4145
302 4144
303 4143
304 4142
305 4141
306 4140
307 4139
308 4138
309 4137
310 4136
311 4135
312 4134
313 4133
314 4132
315 4131
316 4130
317 4129
318 4128
319 4127
320 4126
321 4125
322 4124
323 4123
324 4122
325 4121
326 4120
327 4119
328 4118
329 4117
330 4116
331 4115
332 4114
333 4113
334 4112
335 4111
336 4110
337 4109
338 4108
339 4107
340 4106
341 4105
342 4104
343 4103
344 4102
345 4101
346 4100
347 4099
348 4098
349 4097
350 4096
351 4095
352 4094
353 4093
354 4092
355 4091
356 4090
357 4089
358 4088
359 4087
360 4086
361 4085
362 4084
363 4083
364 4082
365 4081
366 4080
367 4079
368 4078
369 4077
370 4076
371 4075
372 4074
373 4073
374 4072
375 4071
376 4070
377 4069
378 4068
379 4067
380 4066
381 4065
382 4064
383 4063
384 4062
385 4061
386 4060
387 4059
388 4058
389 4057
390 4056
391 4055
392 4054
393 4053
394 4052
395 4051
396 4050
397 4049
398 4048
399 4047
400 4046
401 4045
402 4044
403 4043
404 4042
405 4041
406 4040
407 4039
408 4038
409 4037
410 4036
411 4035
412 4034
413 4033
414 4032
415 4031
416 4030
417 4029
418 4028
419 4027
420 4026
421 4025
422 4024
423 4023
424 4022
425 4021
426 4020
427 4019
428 4018
429 4017
430 4016
431 4015
432 4014
433 4013
434 4012
435 4011
436 4010
437 4009
438 4008
439 4007
440 4006
441 4005
442 4004
443 4003
444 4002
445 4001
446 4000
447 3999
448 3998
449 3997
450 3996
451 3995
452 3994
453 3993
454 3992
455 3991
456 3990
457 3989
458 3988
459 3987
460 3986
461 3985
462 3984
463 3983
464 3982
465 3981
466 3980
467 3979
468 3978
469 3977
470 3976
471 3975
472 3974
473 3973
474 3972
475 3971
476 3970
477 3969
478 3968
479 3967
480 3966
481 3965
482 3964
483 3963
484 3962
485 3961
486 3960
487 3959
488 3958
489 3957
490 3956
491 3955
492 3954
493 3953
494 3952
495 3951
496 3950
497 3949
498 3948
499 3947
500 3946
501 3945
502 3944
503 3943
504 3942
505 3941
506 3940
507 3939
508 3938
509 3937
510 3936
511 3935
512 3934
513 3933
514 3932
515 3931
516 3930
517 3929
518 3928
519 3927
520 3926
521 3925
522 3924
523 3923
524 3922
525 3921
526 3920
527 3919
528 3918
529 3917
530 3916
531 3915
532 3914
533 3913
534 3912
535 3911
536 3910
537 3909
538 3908
539 3907
540 3906
541 3905
542 3904
543 3903
544 3902
545 3901
546 3900
547 3899
548 3898
549 3897
550 3896
551 3895
552 3894
553 3893
554 3892
555 3891
556 3890
557 3889
558 3888
559 3887
560 3886
561 3885
562 3884
563 3883
564 3882
565 3881
566 3880
567 3879
568 3878
569 3877
570 3876
571 3875
572 3874
573 3873
574 3872
575 3871
576 3870
577 3869
578 3868
579 3867
580 3866
581 3865
582 3864
583 3863
584 3862
585 3861
586 3860
587 3859
588 3858
589 3857
590 3856
591 3855
592 3854
593 3853
594 3852
595 3851
596 3850
597 3849
598 3848
599 3847
600 3846
601 3845
602 3844
603 3843
604 3842
605 3841
606 3840
607 3839
608 3838
609 3837
610 3836
611 3835
612 3834
613 3833
614 3832
615 3831
616 3830
617 3829
618 3828
619 3827
620 3826
621 3825
622 3824
623 3823
624 3822
625 3821
626 3820
627 3819
628 3818
629 3817
630 3816
631 3815
632 3814
633 3813
634 3812
635 3811
636 3810
637 3809
638 3808
639 3807
640 3806
641 3805
642 3804
643 3803
644 3802
645 3801
646 3800
647 3799
648 3798
649 3797
650 3796
651 3795
652 3794
653 3793
654 3792
655 3791
656 3790
657 3789
658 3788
659 3787
660 3786
661 3785
662 3784
663 3783
664 3782
665 3781
666 3780
667 3779
668 3778
669 3777
670 3776
671 3775
672 3774
673 3773
674 3772
675 3771
676 3770
677 3769
678 3768
679 3767
680 3766
681 3765
682 3764
683 3763
684 3762
685 3761
686 3760
687 3759
688 3758
689 3757
690 3756
691 3755
692 3754
693 3753
694 3752
695 3751
696 3750
697 3749
698 3748
699 3747
700 3746
701 3745
702 3744
703 3743
704 3742
705 3741
706 3740
707 3739
708 3738
709 3737
710 3736
711 3735
712 3734
713 3733
714 3732
715 3731
716 3730
717 3729
718 3728
719 3727
720 3726
721 3725
722 3724
723 3723
724 3722
725 3721
726 3720
727 3719
728 3718
729 3717
730 3716
731 3715
732 3714
733 3713
734 3712
735 3711
736 3710
737 3709
738 3708
739 3707
740 3706
741 3705
742 3704
743 3703
744 3702
745 3701
746 3700
747 3699
748 3698
749 3697
750 3696
751 3695
752 3694
753 3693
754 3692
755 3691
756 3690
757 3689
758 3688
759 3687
760 3686
761 3685
762 3684
763 3683
764 3682
765 3681
766 3680
767 3679
768 3678
769 3677
770 3676
771 3675
772 3674
773 3673
774 3672
775 3671
776 3670
777 3669
778 3668
779 3667
780 3666
781 3665
782 3664
783 3663
784 3662
785 3661
786 3660
787 3659
788 3658
789 3657
790 3656
791 3655
792 3654
793 3653
794 3652
795 3651
796 3650
797 3649
798 3648
799 3647
800 3646
801 3645
802 3644
803 3643
804 3642
805 3641
806 3640
807 3639
808 3638
809 3637
810 3636
811 3635
812 3634
813 3633
814 3632
815 3631
816 3630
817 3629
818 3628
819 3627
820 3626
821 3625
822 3624
823 3623
824 3622
825 3621
826 3620
827 3619
828 3618
829 3617
830 3616
831 3615
832 3614
833 3613
834 3612
835 3611
836 3610
837 3609
838 3608
839 3607
840 3606
841 3605
842 3604
843 3603
844 3602
845 3601
846 3600
847 3599
848 3598
849 3597
850 3596
851 3595
852 3594
853 3593
854 3592
855 3591
856 3590
857 3589
858 3588
859 3587
860 3586
861 3585
862 3584
863 3583
864 3582
865 3581
866 3580
867 3579
868 3578
869 3577
870 3576
871 3575
872 3574
873 3573
874 3572
875 3571
876 3570
877 3569
878 3568
879 3567
880 3566
881 3565
882 3564
883 3563
884 3562
885 3561
886 3560
887 3559
888 3558
889 3557
890 3556
891 3555
892 3554
893 3553
894 3552
895 3551
896 3550
897 3549
898 3548
899 3547
900 3546
901 3545
902 3544
903 3543
904 3542
905 3541
906 3540
907 3539
908 3538
909 3537
910 3536
911 3535
912 3534
913 3533
914 3532
915 3531
916 3530
917 3529
918 3528
919 3527
920 3526
921 3525
922 3524
923 3523
924 3522
925 3521
926 3520
927 3519
928 3518
929 3517
930 3516
931 3515
932 3514
933 3513
934 3512
935 3511
936 3510
937 3509
938 3508
939 3507
940 3506
941 3505
942 3504
943 3503
944 3502
945 3501
946 3500
947 3499
948 3498
949 3497
950 3496
951 3495
952 3494
953 3493
954 3492
955 3491
956 3490
957 3489
958 3488
959 3487
960 3486
961 3485
962 3484
963 3483
964 3482
965 3481
966 3480
967 3479
968 3478
969 3477
970 3476
971 3475
972 3474
973 3473
974 3472
975 3471
976 3470
977 3469
978 3468
979 3467
980 3466
981 3465
982 3464
983 3463
984 3462
985 3461
986 3460
987 3459
988 3458
989 3457
990 3456
991 3455
992 3454
993 3453
994 3452
995 3451
996 3450
997 3449
998 3448
999 3447
1000 3446
1001 3445
1002 3444
1003 3443
1004 3442
1005 3441
1006 3440
1007 3439
1008 3438
1009 3437
1010 3436
1011 3435
1012 3434
1013 3433
1014 3432
1015 3431
1016 3430
1017 3429
1018 3428
1019 3427
1020 3426
1021 3425
1022 3424
1023 3423
1024 3422
1025 3421
1026 3420
1027 3419
1028 3418
1029 3417
1030 3416
1031 3415
1032 3414
1033 3413
1034 3412
1035 3411
1036 3410
1037 3409
1038 3408
1039 3407
1040 3406
1041 3405
1042 3404
1043 3403
1044 3402
1045 3401
1046 3400
1047 3399
1048 3398
1049 3397
1050 3396
1051 3395
1052 3394
1053 3393
1054 3392
1055 3391
1056 3390
1057 3389
1058 3388
1059 3387
1060 3386
1061 3385
1062 3384
1063 3383
1064 3382
1065 3381
1066 3380
1067 3379
1068 3378
1069 3377
1070 3376
1071 3375
1072 3374
1073 3373
1074 3372
1075 3371
1076 3370
1077 3369
1078 3368
1079 3367
1080 3366
1081 3365
1082 3364
1083 3363
1084 3362
1085 3361
1086 3360
1087 3359
1088 3358
1089 3357
1090 3356
1091 3355
1092 3354
1093 3353
1094 3352
1095 3351
1096 3350
1097 3349
1098 3348
1099 3347
1100 3346
1101 3345
1102 3344
1103 3343
1104 3342
1105 3341
1106 3340
1107 3339
1108 3338
1109 3337
1110 3336
1111 3335
1112 3334
1113 3333
1114 3332
1115 3331
1116 3330
1117 3329
1118 3328
1119 3327
1120 3326
1121 3325
1122 3324
1123 3323
1124 3322
1125 3321
1126 3320
1127 3319
1128 3318
1129 3317
1130 3316
1131 3315
1132 3314
1133 3313
1134 3312
1135 3311
1136 3310
1137 3309
1138 3308
1139 3307
1140 3306
1141 3305
1142 3304
1143 3303
1144 3302
1145 3301
1146 3300
1147 3299
1148 3298
1149 3297
1150 3296
1151 3295
1152 3294
1153 3293
1154 3292
1155 3291
1156 3290
1157 3289
1158 3288
1159 3287
1160 3286
1161 3285
1162 3284
1163 3283
1164 3282
1165 3281
1166 3280
1167 3279
1168 3278
1169 3277
1170 3276
1171 3275
1172 3274
1173 3273
1174 3272
1175 3271
1176 3270
1177 3269
1178 3268
1179 3267
1180 3266
1181 3265
1182 3264
1183 3263
1184 3262
1185 3261
1186 3260
1187 3259
1188 3258
1189 3257
1190 3256
1191 3255
1192 3254
1193 3253
1194 3252
1195 3251
1196 3250
1197 3249
1198 3248
1199 3247
1200 3246
1201 3245
1202 3244
1203 3243
1204 3242
1205 3241
1206 3240
1207 3239
1208 3238
1209 3237
1210 3236
1211 3235
1212 3234
1213 3233
1214 3232
1215 3231
1216 3230
1217 3229
1218 3228
1219 3227
1220 3226
1221 3225
1222 3224
1223 3223
1224 3222
1225 3221
1226 3220
1227 3219
1228 3218
1229 3217
1230 3216
1231 3215
1232 3214
1233 3213
1234 3212
1235 3211
1236 3210
1237 3209
1238 3208
1239 3207
1240 3206
1241 3205
1242 3204
1243 3203
1244 3202
1245 3201
1246 3200
1247 3199
1248 3198
1249 3197
1250 3196
1251 3195
1252 3194
1253 3193
1254 3192
1255 3191
1256 3190
1257 3189
1258 3188
1259 3187
1260 3186
1261 3185
1262 3184
1263 3183
1264 3182
1265 3181
1266 3180
1267 3179
1268 3178
1269 3177
1270 3176
1271 3175
1272 3174
1273 3173
1274 3172
1275 3171
1276 3170
1277 3169
1278 3168
1279 3167
1280 3166
1281 3165
1282 3164
1283 3163
1284 3162
1285 3161
1286 3160
1287 3159
1288 3158
1289 3157
1290 3156
1291 3155
1292 3154
1293 3153
1294 3152
1295 3151
1296 3150
1297 3149
1298 3148
1299 3147
1300 3146
1301 3145
1302 3144
1303 3143
1304 3142
1305 3141
1306 3140
1307 3139
1308 3138
1309 3137
1310 3136
1311 3135
1312 3134
1313 3133
1314 3132
1315 3131
1316 3130
1317 3129
1318 3128
1319 3127
1320 3126
1321 3125
1322 3124
1323 3123
1324 3122
1325 3121
1326 3120
1327 3119
1328 3118
1329 3117
1330 3116
1331 3115
1332 3114
1333 3113
1334 3112
1335 3111
1336 3110
1337 3109
1338 3108
1339 3107
1340 3106
1341 3105
1342 3104
1343 3103
1344 3102
1345 3101
1346 3100
1347 3099
1348 3098
1349 3097
1350 3096
1351 3095
1352 3094
1353 3093
1354 3092
1355 3091
1356 3090
1357 3089
1358 3088
1359 3087
1360 3086
1361 3085
1362 3084
1363 3083
1364 3082
1365 3081
1366 3080
1367 3079
1368 3078
1369 3077
1370 3076
1371 3075
1372 3074
1373 3073
1374 3072
1375 3071
1376 3070
1377 3069
1378 3068
1379 3067
1380 3066
1381 3065
1382 3064
1383 3063
1384 3062
1385 3061
1386 3060
1387 3059
1388 3058
1389 3057
1390 3056
1391 3055
1392 3054
1393 3053
1394 3052
1395 3051
1396 3050
1397 3049
1398 3048
1399 3047
1400 3046
1401 3045
1402 3044
1403 3043
1404 3042
1405 3041
1406 3040
1407 3039
1408 3038
1409 3037
1410 3036
1411 3035
1412 3034
1413 3033
1414 3032
1415 3031
1416 3030
1417 3029
1418 3028
1419 3027
1420 3026
1421 3025
1422 3024
1423 3023
1424 3022
1425 3021
1426 3020
1427 3019
1428 3018
1429 3017
1430 3016
1431 3015
1432 3014
1433 3013
1434 3012
1435 3011
1436 3010
1437 3009
1438 3008
1439 3007
1440 3006
1441 3005
1442 3004
1443 3003
1444 3002
1445 3001
1446 3000
1447 2999
1448 2998
1449 2997
1450 2996
1451 2995
1452 2994
1453 2993
1454 2992
1455 2991
1456 2990
1457 2989
1458 2988
1459 2987
1460 2986
1461 2985
1462 2984
1463 2983
1464 2982
1465 2981
1466 2980
1467 2979
1468 2978
1469 2977
1470 2976
1471 2975
1472 2974
1473 2973
1474 2972
1475 2971
1476 2970
1477 2969
1478 2968
1479 2967
1480 2966
1481 2965
1482 2964
1483 2963
1484 2962
1485 2961
1486 2960
1487 2959
1488 2958
1489 2957
1490 2956
1491 2955
1492 2954
1493 2953
1494 2952
1495 2951
1496 2950
1497 2949
1498 2948
1499 2947
1500 2946
1501 2945
1502 2944
1503 2943
1504 2942
1505 2941
1506 2940
1507 2939
1508 2938
1509 2937
1510 2936
1511 2935
1512 2934
1513 2933
1514 2932
1515 2931
1516 2930
1517 2929
1518 2928
1519 2927
1520 2926
1521 2925
1522 2924
1523 2923
1524 2922
1525 2921
1526 2920
1527 2919
1528 2918
1529 2917
1530 2916
1531 2915
1532 2914
1533 2913
1534 2912
1535 2911
1536 2910
1537 2909
1538 2908
1539 2907
1540 2906
1541 2905
1542 2904
1543 2903
1544 2902
1545 2901
1546 2900
1547 2899
1548 2898
1549 2897
1550 2896
1551 2895
1552 2894
1553 2893
1554 2892
1555 2891
1556 2890
1557 2889
1558 2888
1559 2887
1560 2886
1561 2885
1562 2884
1563 2883
1564 2882
1565 2881
1566 2880
1567 2879
1568 2878
1569 2877
1570 2876
1571 2875
1572 2874
1573 2873
1574 2872
1575 2871
1576 2870
1577 2869
1578 2868
1579 2867
1580 2866
1581 2865
1582 2864
1583 2863
1584 2862
1585 2861
1586 2860
1587 2859
1588 2858
1589 2857
1590 2856
1591 2855
1592 2854
1593 2853
1594 2852
1595 2851
1596 2850
1597 2849
1598 2848
1599 2847
1600 2846
1601 2845
1602 2844
1603 2843
1604 2842
1605 2841
1606 2840
1607 2839
1608 2838
1609 2837
1610 2836
1611 2835
1612 2834
1613 2833
1614 2832
1615 2831
1616 2830
1617 2829
1618 2828
1619 2827
1620 2826
1621 2825
1622 2824
1623 2823
1624 2822
1625 2821
1626 2820
1627 2819
1628 2818
1629 2817
1630 2816
1631 2815
1632 2814
1633 2813
1634 2812
1635 2811
1636 2810
1637 2809
1638 2808
1639 2807
1640 2806
1641 2805
1642 2804
1643 2803
1644 2802
1645 2801
1646 2800
1647 2799
1648 2798
1649 2797
1650 2796
1651 2795
1652 2794
1653 2793
1654 2792
1655 2791
1656 2790
1657 2789
1658 2788
1659 2787
1660 2786
1661 2785
1662 2784
1663 2783
1664 2782
1665 2781
1666 2780
1667 2779
1668 2778
1669 2777
1670 2776
1671 2775
1672 2774
1673 2773
1674 2772
1675 2771
1676 2770
1677 2769
1678 2768
1679 2767
1680 2766
1681 2765
1682 2764
1683 2763
1684 2762
1685 2761
1686 2760
1687 2759
1688 2758
1689 2757
1690 2756
1691 2755
1692 2754
1693 2753
1694 2752
1695 2751
1696 2750
1697 2749
1698 2748
1699 2747
1700 2746
1701 2745
1702 2744
1703 2743
1704 2742
1705 2741
1706 2740
1707 2739
1708 2738
1709 2737
1710 2736
1711 2735
1712 2734
1713 2733
1714 2732
1715 2731
1716 2730
1717 2729
1718 2728
1719 2727
1720 2726
1721 2725
1722 2724
1723 2723
1724 2722
1725 2721
1726 2720
1727 2719
1728 2718
1729 2717
1730 2716
1731 2715
1732 2714
1733 2713
1734 2712
1735 2711
1736 2710
1737 2709
1738 2708
1739 2707
1740 2706
1741 2705
1742 2704
1743 2703
1744 2702
1745 2701
1746 2700
1747 2699
1748 2698
1749 2697
1750 2696
1751 2695
1752 2694
1753 2693
1754 2692
1755 2691
1756 2690
1757 2689
1758 2688
1759 2687
1760 2686
1761 2685
1762 2684
1763 2683
1764 2682
1765 2681
1766 2680
1767 2679
1768 2678
1769 2677
1770 2676
1771 2675
1772 2674
1773 2673
1774 2672
1775 2671
1776 2670
1777 2669
1778 2668
1779 2667
1780 2666
1781 2665
1782 2664
1783 2663
1784 2662
1785 2661
1786 2660
1787 2659
1788 2658
1789 2657
1790 2656
1791 2655
1792 2654
1793 2653
1794 2652
1795 2651
1796 2650
1797 2649
1798 2648
1799 2647
1800 2646
1801 2645
1802 2644
1803 2643
1804 2642
1805 2641
1806 2640
1807 2639
1808 2638
1809 2637
1810 2636
1811 2635
1812 2634
1813 2633
1814 2632
1815 2631
1816 2630
1817 2629
1818 2628
1819 2627
1820 2626
1821 2625
1822 2624
1823 2623
1824 2622
1825 2621
1826 2620
1827 2619
1828 2618
1829 2617
1830 2616
1831 2615
1832 2614
1833 2613
1834 2612
1835 2611
1836 2610
1837 2609
1838 2608
1839 2607
1840 2606
1841 2605
1842 2604
1843 2603
1844 2602
1845 2601
1846 2600
1847 2599
1848 2598
1849 2597
1850 2596
1851 2595
1852 2594
1853 2593
1854 2592
1855 2591
1856 2590
1857 2589
1858 2588
1859 2587
1860 2586
1861 2585
1862 2584
1863 2583
1864 2582
1865 2581
1866 2580
1867 2579
1868 2578
1869 2577
1870 2576
1871 2575
1872 2574
1873 2573
1874 2572
1875 2571
1876 2570
1877 2569
1878 2568
1879 2567
1880 2566
1881 2565
1882 2564
1883 2563
1884 2562
1885 2561
1886 2560
1887 2559
1888 2558
1889 2557
1890 2556
1891 2555
1892 2554
1893 2553
1894 2552
1895 2551
1896 2550
1897 2549
1898 2548
1899 2547
1900 2546
1901 2545
1902 2544
1903 2543
1904 2542
1905 2541
1906 2540
1907 2539
1908 2538
1909 2537
1910 2536
1911 2535
1912 2534
1913 2533
1914 2532
1915 2531
1916 2530
1917 2529
1918 2528
1919 2527
1920 2526
1921 2525
1922 2524
1923 2523
1924 2522
1925 2521
1926 2520
1927 2519
1928 2518
1929 2517
1930 2516
1931 2515
1932 2514
1933 2513
1934 2512
1935 2511
1936 2510
1937 2509
1938 2508
1939 2507
1940 2506
1941 2505
1942 2504
1943 2503
1944 2502
1945 2501
1946 2500
1947 2499
1948 2498
1949 2497
1950 2496
1951 2495
1952 2494
1953 2493
1954 2492
1955 2491
1956 2490
1957 2489
1958 2488
1959 2487
1960 2486
1961 2485
1962 2484
1963 2483
1964 2482
1965 2481
1966 2480
1967 2479
1968 2478
1969 2477
1970 2476
1971 2475
1972 2474
1973 2473
1974 2472
1975 2471
1976 2470
1977 2469
1978 2468
1979 2467
1980 2466
1981 2465
1982 2464
1983 2463
1984 2462
1985 2461
1986 2460
1987 2459
1988 2458
1989 2457
1990 2456
1991 2455
1992 2454
1993 2453
1994 2452
1995 2451
1996 2450
1997 2449
1998 2448
1999 2447
2000 2446
2001 2445
2002 2444
2003 2443
2004 2442
2005 2441
2006 2440
2007 2439
2008 2438
2009 2437
2010 2436
2011 2435
2012 2434
2013 2433
2014 2432
2015 2431
2016 2430
2017 2429
2018 2428
2019 2427
2020 2426
2021 2425
2022 2424
2023 2423
2024 2422
2025 2421
2026 2420
2027 2419
2028 2418
2029 2417
2030 2416
2031 2415
2032 2414
2033 2413
2034 2412
2035 2411
2036 2410
2037 2409
2038 2408
2039 2407
2040 2406
2041 2405
2042 2404
2043 2403
2044 2402
2045 2401
2046 2400
2047 2399
2048 2398
2049 2397
2050 2396
2051 2395
2052 2394
2053 2393
2054 2392
2055 2391
2056 2390
2057 2389
2058 2388
2059 2387
2060 2386
2061 2385
2062 2384
2063 2383
2064 2382
2065 2381
2066 2380
2067 2379
2068 2378
2069 2377
2070 2376
2071 2375
2072 2374
2073 2373
2074 2372
2075 2371
2076 2370
2077 2369
2078 2368
2079 2367
2080 2366
2081 2365
2082 2364
2083 2363
2084 2362
2085 2361
2086 2360
2087 2359
2088 2358
2089 2357
2090 2356
2091 2355
2092 2354
2093 2353
2094 2352
2095 2351
2096 2350
2097 2349
2098 2348
2099 2347
2100 2346
2101 2345
2102 2344
2103 2343
2104 2342
2105 2341
2106 2340
2107 2339
2108 2338
2109 2337
2110 2336
2111 2335
2112 2334
2113 2333
2114 2332
2115 2331
2116 2330
2117 2329
2118 2328
2119 2327
2120 2326
2121 2325
2122 2324
2123 2323
2124 2322
2125 2321
2126 2320
2127 2319
2128 2318
2129 2317
2130 2316
2131 2315
2132 2314
2133 2313
2134 2312
2135 2311
2136 2310
2137 2309
2138 2308
2139 2307
2140 2306
2141 2305
2142 2304
2143 2303
2144 2302
2145 2301
2146 2300
2147 2299
2148 2298
2149 2297
2150 2296
2151 2295
2152 2294
2153 2293
2154 2292
2155 2291
2156 2290
2157 2289
2158 2288
2159 2287
2160 2286
2161 2285
2162 2284
2163 2283
2164 2282
2165 2281
2166 2280
2167 2279
2168 2278
2169 2277
2170 2276
2171 2275
2172 2274
2173 2273
2174 2272
2175 2271
2176 2270
2177 2269
2178 2268
2179 2267
2180 2266
2181 2265
2182 2264
2183 2263
2184 2262
2185 2261
2186 2260
2187 2259
2188 2258
2189 2257
2190 2256
2191 2255
2192 2254
2193 2253
2194 2252
2195 2251
2196 2250
2197 2249
2198 2248
2199 2247
2200 2246
2201 2245
2202 2244
2203 2243
2204 2242
2205 2241
2206 2240
2207 2239
2208 2238
2209 2237
2210 2236
2211 2235
2212 2234
2213 2233
2214 2232
2215 2231
2216 2230
2217 2229
2218 2228
2219 2227
2220 2226
2221 2225
2222 2224
