1000 1000
107 270
315 307
290 484
683 574
876 38
519 765
541 748
856 800
225 958
526 556
687 750
456 993
784 344
947 940
488 991
216 622
696 63
420 335
851 932
777 723
311 739
595 873
63 789
319 521
547 65
484 119
687 259
503 505
871 908
964 599
970 201
331 131
828 905
5 995
667 854
577 728
658 755
962 938
459 142
836 247
675 171
885 492
346 368
245 978
350 963
188 14
791 378
263 795
148 332
756 438
370 908
924 103
623 636
162 689
28 184
920 242
335 449
822 402
941 436
998 495
978 945
979 852
438 114
918 807
879 912
662 197
719 837
520 306
946 798
132 762
375 945
566 644
622 852
211 515
607 960
279 549
343 750
321 464
409 841
233 297
290 59
151 49
417 251
676 1000
905 530
925 125
940 488
173 623
758 292
364 369
437 286
156 595
397 676
431 998
233 790
514 188
495 300
148 489
86 843
46 392
181 738
937 462
463 234
364 943
219 787
322 641
693 439
491 785
357 882
139 748
868 274
475 814
645 253
356 381
291 768
93 930
899 478
426 123
852 412
855 226
520 731
458 624
391 210
768 936
391 219
445 255
173 279
725 753
20 111
155 1
313 901
33 219
926 631
393 28
250 554
923 603
155 614
911 523
320 559
877 214
663 358
998 843
586 939
368 665
29 141
182 753
696 305
948 613
840 234
283 53
717 75
382 386
369 237
606 271
80 604
747 563
454 732
282 212
303 490
814 880
60 927
881 409
688 843
601 343
467 243
890 966
929 859
854 127
123 89
975 706
199 355
656 906
390 672
596 63
488 900
176 110
346 954
886 424
584 297
667 974
414 179
289 234
444 73
57 407
526 319
577 117
300 66
172 708
458 699
272 46
672 332
307 824
771 899
439 620
731 28
925 982
635 675
853 836
301 932
663 440
90 38
991 146
601 420
979 541
961 770
882 996
497 807
729 952
281 95
592 925
326 443
565 194
481 321
358 181
345 580
255 352
18 183
945 659
607 579
424 197
178 431
202 221
144 420
719 363
836 664
634 905
88 949
236 178
693 332
623 522
445 104
327 505
4 392
10 761
33 436
216 127
815 308
512 286
586 25
543 590
955 419
336 430
78 890
434 187
982 124
472 905
487 811
485 415
653 178
206 261
292 405
685 752
824 130
914 817
273 383
920 413
980 467
883 606
962 587
992 45
905 127
657 662
553 772
908 698
619 722
403 568
427 623
760 561
577 489
715 806
648 949
907 494
562 818
39 171
847 594
295 350
448 454
584 222
195 83
616 655
120 834
747 18
365 401
617 919
482 171
221 516
955 873
398 849
331 521
97 292
854 626
734 67
577 541
427 502
624 177
751 145
620 158
5 169
953 586
329 428
368 729
433 982
695 102
480 886
269 821
235 34
938 844
860 273
638 860
245 709
448 256
361 670
770 683
411 56
914 186
838 840
270 72
921 842
145 380
885 522
447 426
632 949
774 694
185 674
337 63
201 602
66 815
798 771
818 598
115 681
648 484
26 967
752 92
973 58
380 349
785 184
218 137
426 362
768 89
751 52
591 376
271 181
157 388
974 586
203 672
952 862
567 682
133 909
105 506
132 234
318 461
652 481
591 861
178 789
825 913
646 71
422 520
652 793
223 287
86 770
944 321
136 618
482 969
223 466
205 951
732 917
469 135
520 22
165 22
437 842
761 133
350 803
425 595
291 878
936 613
249 125
865 98
81 43
515 559
943 185
999 815
878 343
278 38
877 954
124 706
996 225
682 947
683 159
369 221
136 313
555 588
40 316
252 760
283 765
529 812
140 629
537 767
117 399
443 668
615 994
745 966
34 482
552 606
381 610
564 104
691 734
131 629
307 548
822 597
549 914
962 942
522 947
279 164
241 767
493 521
788 878
634 123
171 45
373 496
461 447
797 609
609 268
986 868
474 367
272 71
704 941
596 14
22 984
525 891
165 181
858 757
690 767
944 65
969 743
582 274
357 196
517 777
31 10
80 537
400 637
543 968
504 216
392 985
455 518
369 297
675 18
220 847
634 691
541 727
39 514
898 520
779 842
525 782
385 538
529 260
332 302
164 862
922 271
524 370
829 474
456 152
693 541
95 440
206 986
163 834
110 654
443 707
275 907
116 139
806 420
469 805
320 273
811 978
953 624
457 154
639 365
62 362
350 434
145 968
974 125
103 137
463 790
520 565
840 602
856 644
655 273
395 718
986 262
475 8
965 641
12 657
652 954
34 296
79 100
473 210
766 971
816 952
168 367
517 926
185 81
907 192
361 836
300 193
959 444
836 665
292 742
917 638
802 75
259 672
388 371
236 216
99 340
469 61
600 725
636 460
224 555
644 906
966 448
716 801
669 795
477 313
690 105
758 910
774 103
726 933
284 396
343 497
515 445
440 299
84 287
215 627
87 868
781 336
189 678
37 465
627 765
532 215
479 878
878 737
602 82
489 799
180 317
673 124
154 8
402 377
962 312
727 187
350 72
912 428
740 196
265 876
910 936
565 480
206 330
920 562
19 168
482 854
384 193
659 178
741 913
374 536
295 18
35 121
581 962
579 87
285 292
577 143
635 860
425 351
187 192
965 117
446 611
376 548
508 327
708 431
110 555
670 678
286 702
82 492
392 48
681 626
697 263
494 559
901 439
226 373
534 41
561 957
957 389
775 65
628 792
221 131
917 134
637 934
387 871
774 831
853 117
769 808
433 55
738 992
336 645
40 861
110 992
785 691
22 965
634 182
720 548
83 740
450 731
282 589
956 162
372 91
916 321
889 734
336 908
211 897
234 140
274 950
178 346
519 831
817 887
892 563
564 466
442 763
173 545
608 671
493 943
621 170
871 543
883 707
326 23
172 9
960 377
115 3
9 619
742 646
780 353
546 617
65 240
576 8
897 476
878 620
208 200
632 288
832 439
339 419
349 562
171 648
396 890
362 948
377 738
344 850
211 881
188 573
418 649
80 289
975 70
795 804
270 757
7 409
956 101
892 298
132 143
253 212
774 916
353 441
175 940
452 206
689 414
824 289
551 979
320 149
441 715
537 344
305 454
617 691
918 934
338 897
463 927
234 746
551 127
66 475
620 254
198 204
667 874
460 465
41 999
121 265
848 389
383 106
488 217
105 585
690 282
897 607
461 185
313 104
254 341
151 548
452 832
796 233
146 863
540 56
377 333
828 708
313 534
916 972
380 976
909 23
979 182
607 853
937 293
286 504
67 669
862 456
391 111
884 723
409 506
938 178
125 222
420 47
823 818
521 98
329 166
938 246
749 67
971 356
442 570
711 229
5 416
864 502
61 85
538 210
916 347
72 822
832 29
563 244
567 198
254 408
535 349
617 13
604 366
244 288
220 10
554 267
530 610
281 489
753 100
910 537
509 735
885 798
751 980
262 419
929 286
684 730
473 876
877 367
82 456
694 965
282 947
431 331
724 312
616 420
926 193
583 294
295 822
776 381
177 12
593 992
79 783
49 509
167 993
625 348
393 987
155 951
591 479
492 347
92 721
507 753
932 223
534 499
817 540
19 846
708 740
301 739
466 433
27 220
494 21
353 184
279 377
546 813
62 41
834 5
562 61
39 43
89 831
5 732
356 764
62 864
966 970
587 573
860 824
938 869
248 597
688 673
710 972
864 867
997 725
78 555
111 156
125 31
937 715
605 610
787 226
442 734
700 160
501 31
88 249
174 41
243 214
38 323
143 411
669 499
417 310
868 812
364 622
48 926
854 163
93 458
780 466
443 106
134 794
452 501
341 313
489 296
562 506
926 39
749 564
894 115
605 367
308 218
877 433
419 235
847 186
621 31
986 960
491 483
749 614
195 578
89 538
182 450
332 794
58 220
761 719
41 104
280 595
606 648
103 794
943 899
174 42
780 867
131 886
469 400
60 527
965 844
572 399
226 167
74 898
710 236
582 642
766 530
480 464
792 28
821 604
19 226
639 241
854 774
92 783
476 667
677 414
756 211
109 168
613 802
512 265
422 357
130 556
233 613
704 829
483 787
368 526
304 200
901 464
930 165
232 796
213 841
771 939
351 578
548 131
416 256
733 637
345 56
515 103
996 613
691 553
377 729
853 438
532 84
854 593
10 547
1000 12
478 413
373 375
73 582
657 460
2 525
9 271
794 448
507 26
951 788
598 737
641 774
172 598
404 56
249 120
489 648
462 123
129 550
989 344
407 767
354 947
652 211
227 926
962 656
453 229
203 980
242 788
625 304
259 58
701 209
31 219
563 385
23 106
970 749
508 73
344 231
665 872
948 893
610 146
204 417
186 323
334 71
151 886
539 309
708 746
855 119
895 181
934 63
760 536
620 725
771 106
822 506
882 809
74 272
550 899
450 113
158 833
619 716
954 457
214 620
785 377
497 984
813 578
200 120
333 388
375 575
84 372
298 387
248 462
487 808
393 188
4 751
113 17
98 346
99 676
818 273
903 870
263 64
26 342
774 722
863 531
492 828
534 392
742 598
118 789
679 223
490 169
546 860
305 424
466 288
725 160
727 863
989 112
