300 155 220
3 1427
6 1340
36 1060
40 382
44 306
47 1052
48 571
52 231
56 62
79 1936
93 510
98 1509
99 648
107 1055
125 1477
126 634
137 1755
139 1861
141 17
142 116
149 890
152 64
161 1536
173 669
174 1039
179 354
183 44
188 1000
191 1423
196 1725
222 691
225 1876
237 963
245 1733
252 1878
256 364
258 1131
268 225
274 829
275 1618
280 450
283 1455
287 373
303 288
306 1839
308 511
309 787
326 1392
330 979
344 804
356 1460
365 1725
368 1992
378 1535
379 971
387 263
391 1490
396 1213
420 1611
424 986
427 485
434 894
437 185
443 411
446 467
463 1114
465 798
466 1730
468 1676
471 24
473 1764
476 490
478 414
484 1437
488 1325
489 574
494 1295
503 108
507 1873
510 57
524 1932
525 1523
528 1930
529 1668
530 261
532 1758
546 1568
552 691
560 109
562 1883
573 506
577 64
581 1056
589 1523
594 1096
600 819
605 314
608 113
611 1088
612 751
622 250
625 797
626 214
643 1898
657 457
659 156
660 281
664 173
666 1636
670 1480
676 899
683 251
701 998
702 472
704 1535
706 1526
723 1424
727 1666
732 1487
736 1279
739 1626
750 1575
762 1649
764 1607
765 493
770 1905
785 29
808 244
811 14
828 160
839 951
841 73
846 1438
863 1000
866 1360
874 257
894 407
895 455
932 1875
936 1011
939 30
947 1825
951 982
952 480
960 324
978 380
980 1701
989 1213
991 716
994 1739
1014 1389
1029 1452
1032 1090
1042 1131
1047 1333
1050 1347
1053 843
1064 1292
1075 307
1078 1602
1083 1589
1088 903
1092 1219
1094 966
1126 1490
1127 928
1131 1008
1132 1549
1136 264
1138 1212
1150 1371
1151 1802
1155 1454
1161 1290
1165 1238
1166 541
1167 340
1168 992
1169 1349
1170 225
1180 1772
1183 510
1188 1789
1190 618
1196 335
1199 932
1225 1741
1229 672
1234 1078
1241 1241
1244 140
1245 113
1251 811
1252 1716
1265 306
1266 1448
1273 492
1274 875
1284 1726
1293 1646
1320 1342
1321 1727
1324 26
1327 693
1340 1986
1342 433
1346 1878
1351 267
1352 1194
1357 556
1367 569
1372 1842
1373 611
1382 728
1420 1588
1428 932
1429 927
1438 1125
1452 1750
1457 1042
1463 780
1473 424
1475 1191
1477 728
1484 1825
1490 315
1491 922
1495 1606
1497 1464
1498 1207
1506 1233
1515 184
1525 622
1535 130
1539 182
1542 698
1557 1457
1567 1197
1575 1615
1599 889
1609 273
1617 463
1619 154
1622 1648
1627 1196
1629 1245
1636 402
1659 1542
1665 840
1668 929
1674 1839
1679 1840
1681 1877
1685 8
1692 121
1696 237
1699 1197
1710 1073
1739 162
1740 810
1741 144
1745 557
1753 1835
1766 635
1781 642
1782 450
1788 1404
1790 380
1791 1545
1797 726
1804 1942
1819 1026
1823 1565
1828 898
1831 152
1835 1950
1840 1228
1885 587
1887 1341
1889 1024
1895 58
1900 600
1901 482
1902 617
1905 1213
1907 312
1912 984
1922 535
1924 694
1927 392
1928 1645
1935 919
1939 94
1941 1426
1946 1314
1949 1573
1950 871
1962 562
1972 1085
1979 1907
