1000 517 332
1 346
2 644
3 1814
5 316
10 804
11 1818
15 1758
20 1284
21 1991
22 100
26 1265
27 1628
28 1377
32 1829
33 1831
34 1560
38 20
41 1325
42 978
43 929
45 1197
48 843
49 1415
50 951
52 500
53 1020
56 1134
57 128
59 50
60 1327
61 665
63 1474
66 1888
68 119
69 1225
70 515
74 784
75 1993
76 410
77 255
79 1509
80 8
81 583
84 848
85 238
86 1494
87 56
88 1107
89 913
91 65
92 1935
93 880
96 591
98 554
99 476
105 718
106 838
109 881
111 1621
113 1347
114 1967
117 1850
119 801
121 915
122 314
124 1108
125 1500
127 1967
128 171
130 20
131 1235
133 1992
134 173
139 1487
145 1171
146 1846
148 62
150 1854
151 1059
160 1854
161 1703
163 1224
164 695
165 760
166 1135
167 238
169 897
172 1112
176 1888
180 2000
186 103
188 1863
189 1313
190 72
192 1778
194 34
196 693
198 1268
199 190
201 1102
202 377
206 160
207 191
209 1883
211 92
212 167
215 1985
217 1188
218 1341
219 1782
220 678
221 1642
222 1999
223 5
224 858
226 927
228 1711
229 392
231 1596
234 1169
235 1235
236 1567
237 189
238 587
239 91
242 421
243 1057
245 1258
246 431
247 1900
249 1590
252 750
253 171
255 343
257 1623
258 1771
260 236
261 1039
263 687
264 63
265 1778
269 69
273 1421
274 437
275 972
278 918
279 1101
282 220
283 1483
284 1401
285 1938
289 534
290 1291
291 533
292 406
293 460
296 1526
298 1968
299 1684
301 519
302 1785
304 1138
305 1298
307 1917
309 833
311 61
313 353
314 613
315 1860
317 731
318 1828
320 887
321 1766
322 1577
325 1287
326 1384
327 575
328 129
329 1534
331 1284
334 898
335 1443
338 634
339 145
340 1251
343 1396
344 1406
346 385
349 1123
350 762
351 1479
352 317
353 1548
354 1983
356 1594
357 1797
360 1952
361 154
363 848
366 1564
367 752
368 1126
372 1247
376 1417
378 1094
379 1715
381 20
382 1932
387 1588
391 349
393 1798
395 430
397 1955
398 1618
399 1327
400 1144
401 1958
402 1388
403 1494
404 1049
405 466
408 397
409 941
411 1585
412 396
413 538
416 832
419 725
421 1922
422 1697
423 606
424 804
425 1932
426 277
428 863
435 568
436 906
438 1406
440 1154
443 541
444 1148
445 750
446 1488
447 1246
449 1281
451 1876
452 157
456 1133
457 789
459 958
461 1764
462 417
463 1791
464 1235
467 450
468 1373
471 1979
474 361
475 1185
477 1665
478 1907
479 257
481 497
482 1261
483 1099
484 1596
486 587
488 460
494 988
495 1500
501 281
503 636
505 1749
506 486
507 1905
508 1869
510 1357
511 1378
512 950
513 1011
514 244
519 951
520 1302
521 239
523 719
524 676
527 790
529 1278
530 1185
532 102
533 1999
536 849
537 1824
538 187
539 1597
540 1735
541 659
542 945
544 461
546 1127
549 794
551 1335
552 845
554 382
555 377
556 1579
557 146
558 1566
559 211
563 474
566 1843
567 87
570 1385
573 1268
574 1865
576 1236
585 1975
586 1494
588 550
592 1333
595 1718
601 1110
604 1908
606 829
607 1289
608 271
609 1438
611 1321
612 771
616 530
620 506
621 1565
623 1842
626 877
627 536
631 277
632 1981
635 209
638 235
639 543
642 51
644 58
645 1527
647 123
652 1737
656 842
663 330
667 1127
668 584
671 439
672 1649
673 1672
677 606
678 763
680 575
681 137
682 1007
684 1336
687 1755
688 1363
689 8
690 1028
692 564
693 49
694 524
697 947
700 733
701 1274
702 1720
705 1586
707 45
708 1446
711 1250
713 1521
715 1754
716 759
717 1081
719 1789
720 858
721 261
722 1856
723 1823
724 193
728 1342
729 1123
730 1027
732 45
734 744
735 1285
736 1060
737 1939
742 1263
743 448
744 1872
745 1888
747 597
748 1613
756 24
757 842
760 48
764 1755
765 1314
766 259
767 1244
770 769
775 1193
777 40
778 1275
779 1303
780 409
782 1335
784 727
785 1205
788 741
789 1567
794 1388
795 328
799 35
800 1020
802 797
803 801
804 1858
805 1041
811 1412
812 1277
816 1904
819 1240
822 529
823 549
829 999
832 719
833 622
834 1590
835 566
836 1725
837 1616
841 1420
842 1466
844 1136
846 1996
847 1737
850 851
853 980
855 472
861 1704
862 1063
863 1175
864 377
865 1386
866 833
868 699
869 1059
870 1644
871 609
873 1139
874 1451
875 1298
876 1929
877 160
879 1197
881 1750
882 700
883 1061
885 1629
886 746
887 982
888 564
889 1976
890 1366
893 1579
895 1153
896 1298
899 1510
901 1843
902 1998
905 999
907 1128
908 1426
909 822
912 38
913 1505
915 602
917 1905
918 1668
920 388
924 283
928 1781
933 20
935 966
936 346
938 1991
939 48
940 585
941 634
942 519
943 1523
944 536
945 331
946 652
947 236
948 1453
951 1134
952 704
954 1147
960 1828
962 1105
963 1333
966 553
967 575
968 596
970 901
971 1125
977 1808
978 372
983 816
986 497
988 779
992 1447
993 381
995 1724
997 1803
1002 303
1003 1908
1009 382
1010 464
1014 69
1016 1055
1017 1596
1021 1046
1025 1286
1026 1517
1029 1327
1030 1101
1033 1389
1037 10
1038 443
1041 1804
1042 1350
1044 1941
1045 836
1046 1194
1047 75
1049 1509
1050 814
1055 134
1056 655
1058 11
1061 1407
1065 920
1069 131
1070 188
1077 1117
1081 1937
1082 24
1085 554
1086 670
1087 94
1090 1721
1092 1949
1093 1723
1094 1879
1095 224
1097 1300
1098 977
1103 1061
1105 1639
1106 1365
1109 53
1110 374
1113 1541
1114 242
1122 331
1125 21
1126 239
1128 309
1129 1345
1132 1370
1135 1668
1136 1466
1137 1700
1138 317
1145 408
1146 441
1148 545
1149 1902
1150 372
1152 1326
1156 1419
1158 1949
1159 920
1162 64
1165 1198
1166 1967
1167 258
1168 67
1170 1166
1172 1067
1173 584
1177 1130
1178 1566
1183 1887
1184 904
1185 1162
1186 654
1189 236
1190 822
1191 342
1197 1749
1198 454
1199 372
1201 1579
1204 1590
1207 68
1208 835
1209 1470
1210 1926
1212 1847
1213 802
1215 1097
1218 78
1221 439
1222 1992
1223 1812
1226 1430
1227 1799
1230 1212
1232 1450
1234 9
1237 1801
1238 1086
1242 266
1247 1122
1250 848
1253 1503
1254 149
1257 971
1260 323
1264 413
1266 531
1267 202
1268 1054
1269 800
1271 1269
1275 95
1276 670
1278 804
1279 1321
1280 443
1283 997
1286 1938
1290 1042
1292 1977
1293 939
1295 1219
1298 1875
1301 1956
1302 836
1304 875
1306 1959
1307 1548
1309 1271
1310 94
1311 1806
1312 1721
1313 412
1316 1362
1318 485
1319 1108
1320 337
1321 15
1322 1099
1330 643
1332 54
1333 1441
1334 942
1335 960
1336 781
1338 353
1340 1989
1343 611
1345 735
1349 230
1350 1977
1354 1958
1355 1692
1357 312
1360 413
1361 1419
1363 423
1364 260
1365 289
1367 39
1370 60
1372 1393
1374 1409
1375 768
1380 404
1381 34
1382 1171
1383 1555
1384 135
1387 1262
1389 557
1392 564
1397 835
1398 1553
1399 1190
1401 602
1402 1060
1403 1431
1405 127
1406 1925
1409 1196
1410 1814
1411 706
1415 507
1417 180
1420 24
1426 28
1431 493
1432 912
1433 352
1438 495
1441 64
1443 544
1445 1624
1446 1450
1449 895
1450 868
1451 1538
1457 1660
1458 260
1459 157
1460 1213
1464 411
1468 726
1472 830
1474 980
1476 1712
1477 470
1478 1782
1479 203
1481 550
1484 262
1487 320
1488 340
1489 254
1490 442
1491 279
1492 900
1494 35
1499 809
1500 257
1501 231
1503 1024
1505 400
1506 1341
1508 1836
1510 1368
1513 1842
1519 538
1523 1621
1524 1201
1525 642
1528 1968
1530 950
1531 164
1532 1163
1534 36
1536 1855
1537 423
1538 64
1542 487
1543 315
1544 492
1545 164
1547 582
1550 1732
1551 1897
1552 1510
1553 1000
1554 1018
1555 1717
1556 1823
1558 433
1559 1308
1560 991
1562 401
1564 162
1566 131
1569 959
1571 1288
1572 947
1574 1758
1575 1791
1576 1526
1579 1760
1583 190
1584 1604
1587 1166
1590 1316
1591 1610
1593 1145
1594 53
1596 10
1597 1688
1600 449
1601 1861
1603 1187
1605 744
1608 860
1611 965
1613 1017
1616 11
1618 1285
1620 1680
1621 1046
1622 472
1623 1753
1624 868
1627 837
1632 1392
1633 1179
1634 1240
1636 1935
1637 301
1638 1919
1641 1162
1643 878
1644 1468
1645 1772
1646 1957
1649 992
1650 1187
1651 1013
1655 1456
1659 1213
1661 707
1663 1656
1671 1975
1672 380
1673 67
1674 1872
1675 374
1677 769
1678 1759
1680 935
1682 1486
1684 46
1685 735
1687 1356
1691 1205
1693 1766
1695 1089
1697 582
1698 270
1699 1350
1700 1914
1702 767
1703 1998
1704 1304
1707 1170
1709 814
1712 476
1713 727
1715 868
1722 1181
1724 469
1727 1339
1728 1504
1734 141
1736 1238
1738 1547
1740 428
1742 292
1743 860
1745 1516
1747 1969
1748 972
1750 753
1753 557
1754 1555
1757 272
1759 1695
1760 1280
1761 873
1763 1913
1765 1970
1766 1173
1768 361
1769 1657
1775 482
1776 361
1777 240
1787 592
1788 1688
1790 1163
1792 1474
1795 680
1796 1740
1797 1151
1799 412
1801 1952
1802 1646
1803 1033
1804 70
1807 535
1808 611
1809 1775
1810 472
1811 916
1817 320
1818 1230
1819 1543
1820 1833
1822 383
1823 898
1824 1170
1826 922
1827 1932
1828 1005
1830 467
1831 1199
1833 215
1835 1064
1838 310
1839 1715
1841 1394
1844 360
1847 125
1849 1707
1855 1981
1856 176
1862 261
1864 1350
1869 1453
1872 636
1873 1411
1875 96
1876 883
1877 688
1878 44
1881 218
1885 213
1887 1049
1889 484
1894 944
1897 1566
1899 1139
1900 223
1902 1735
1911 716
1914 1421
1916 1352
1917 1995
1920 98
1923 1909
1927 1532
1929 1379
1934 507
1935 474
1938 1569
1940 247
1942 1705
1945 629
1946 1711
1947 1813
1948 1022
1952 844
1953 1949
1955 217
1956 547
1957 419
1959 223
1960 1468
1961 715
1962 1647
1963 546
1964 1046
1968 635
1970 22
1971 1775
1973 1408
1976 948
1980 844
1981 1722
1983 1979
1984 409
1985 1860
1986 1827
1987 1610
1988 193
1989 1192
1993 514
1994 351
1995 1606
1996 1403
1997 1355
1998 89
1999 1373
