1000 595 150
1 1132
3 836
4 1808
6 1467
7 648
8 1350
9 1557
10 1753
13 1481
15 1642
18 1987
19 1154
20 1052
22 409
23 496
24 689
25 444
27 1815
33 1373
34 475
36 1819
41 1049
42 1267
43 1590
45 50
46 538
48 94
51 887
52 379
54 1259
56 1899
57 1469
59 429
60 1467
61 1684
63 1339
72 1755
73 1737
76 646
79 1417
82 879
83 1139
87 635
88 1786
90 936
94 19
96 1350
97 1462
98 1656
99 906
102 1261
106 606
109 839
110 879
111 1656
112 1506
116 816
118 1652
123 1840
124 410
125 1874
127 705
129 1191
130 1907
131 399
132 358
134 1599
135 35
140 745
141 490
145 272
147 1224
151 1502
152 137
154 1151
155 1861
156 1572
157 894
158 1373
159 922
161 408
165 757
168 614
169 411
173 885
176 1250
179 1294
181 1288
182 24
186 352
187 1436
188 1423
189 1238
198 347
199 288
200 463
202 579
203 1256
204 362
205 1198
206 1405
208 13
213 1240
215 1459
216 443
217 306
218 1598
220 1827
221 636
227 893
228 432
229 527
230 1458
232 1022
233 1768
235 1924
236 1625
237 1571
239 147
241 915
243 298
246 749
247 1267
249 207
254 329
255 787
256 602
261 1257
264 616
268 986
270 1548
273 1932
278 829
279 781
281 87
282 1029
283 1825
284 242
285 234
288 512
289 838
290 1532
291 829
292 208
294 394
297 1571
298 897
301 1790
302 497
303 72
304 954
306 847
308 1418
311 284
312 561
314 1431
316 527
317 133
318 1783
320 1189
321 259
322 79
327 1378
331 1767
332 1528
334 1627
335 1530
336 1469
337 1488
338 38
339 1434
340 1200
341 581
342 1505
348 575
349 905
350 227
351 1341
357 440
361 284
364 47
366 876
369 1887
374 1633
375 1736
382 1338
383 1583
386 1088
387 1009
388 375
391 1153
395 1031
397 756
399 802
400 87
401 1942
403 520
404 819
409 1551
410 247
415 1711
417 638
419 1263
421 345
422 1556
425 915
426 1701
429 988
432 1455
433 1286
434 616
435 1491
436 1550
438 1236
439 172
440 1063
441 1200
445 1283
448 650
450 1885
451 162
452 1573
455 1989
458 138
459 1109
460 322
462 1604
463 322
464 782
465 922
466 958
468 1341
471 1868
473 1510
474 1219
478 1448
479 695
481 767
482 664
483 838
485 1659
486 679
487 262
490 135
493 2
495 1266
496 1577
497 1947
498 386
501 524
503 1898
504 977
505 1657
506 1553
507 260
511 1078
514 444
516 1314
517 463
519 1471
521 1779
522 762
523 1950
524 1383
525 1442
526 1570
529 1959
530 199
531 1475
532 924
533 534
534 1898
535 198
536 74
538 1027
539 1677
541 810
543 1945
544 984
545 1445
548 1689
549 1625
550 1344
551 1799
553 967
555 1796
558 419
559 796
562 913
563 1903
567 221
568 278
569 1928
571 602
572 1804
573 189
574 622
576 1009
578 1360
579 628
581 879
583 752
585 1925
586 1102
589 1915
594 929
595 1762
596 1115
601 1850
604 1691
606 1118
609 78
610 1087
612 1971
615 1783
621 833
624 425
625 325
626 1649
633 1182
635 1479
638 1986
640 365
642 944
643 984
650 712
651 399
653 1079
659 1595
660 558
661 552
664 1831
665 946
666 1815
668 298
669 1123
671 1461
673 1539
676 335
677 1340
681 393
682 206
683 681
684 136
685 385
691 1770
692 450
694 576
695 1590
697 1427
698 723
699 1327
700 540
701 1288
705 702
706 61
707 435
708 173
710 265
711 1639
714 1705
715 1189
716 1622
718 1640
719 577
720 43
721 424
722 1943
728 177
729 1287
730 800
731 1259
732 577
733 233
734 1864
737 1214
739 1103
740 580
743 173
745 772
746 67
747 580
751 1220
753 1904
755 601
756 1172
758 1407
760 648
761 990
762 248
765 983
768 1351
770 1484
776 1797
778 1631
780 223
782 1850
783 659
789 76
795 165
796 660
802 419
803 1273
804 447
805 723
806 417
807 1000
810 12
814 956
816 321
819 475
821 1906
822 331
824 296
826 1798
828 780
829 1352
831 418
834 174
835 840
836 376
837 281
842 453
844 1584
845 343
846 1188
847 716
848 653
849 1374
850 1195
851 154
853 1386
856 172
857 1393
858 702
861 942
862 1408
863 476
864 511
866 761
867 1139
871 1837
876 1028
878 643
879 68
882 388
883 1473
884 1158
885 463
886 835
887 1650
888 1988
889 283
890 1472
891 1567
893 1425
894 757
898 911
899 1165
900 445
909 1518
914 1307
916 638
917 1408
918 1431
921 684
922 1923
923 1610
924 1323
925 1210
926 608
927 306
935 598
936 732
938 369
941 1981
943 1471
944 957
945 1651
948 995
950 607
951 1167
952 564
954 357
955 410
960 1618
961 762
962 1207
963 66
965 1475
966 1380
967 258
972 40
973 434
976 534
977 1843
978 907
979 1526
980 104
981 1209
982 1644
983 371
984 1825
988 115
991 984
993 1007
994 1431
995 1470
996 364
998 1415
1001 654
1002 1602
1005 1484
1006 740
1008 753
1010 948
1013 304
1014 1274
1015 799
1017 1788
1019 1378
1021 1116
1024 334
1029 319
1035 720
1037 1393
1038 1735
1039 1105
1040 514
1041 1559
1043 758
1044 148
1046 672
1048 1768
1051 1369
1053 1878
1055 16
1058 1863
1059 1987
1064 1101
1065 209
1077 1660
1078 159
1079 891
1081 1592
1083 216
1084 1495
1085 1242
1087 884
1088 768
1089 1488
1096 1689
1097 963
1099 570
1100 459
1101 1436
1102 1468
1104 1690
1106 678
1107 1888
1108 1629
1111 377
1112 843
1114 1445
1115 1480
1117 422
1118 132
1122 232
1124 1493
1125 675
1127 1352
1128 73
1130 371
1132 1145
1134 217
1135 705
1136 1366
1137 363
1140 1245
1142 812
1143 1052
1144 495
1145 41
1146 1021
1148 567
1150 1565
1154 686
1155 85
1157 969
1158 1631
1159 1150
1164 241
1170 277
1172 472
1174 1677
1175 1224
1176 423
1179 933
1183 500
1184 1485
1187 425
1188 700
1189 1902
1190 655
1191 580
1196 1439
1198 1225
1199 418
1208 1318
1210 687
1212 8
1213 1907
1214 1651
1215 1969
1216 348
1218 1020
1220 1828
1221 1233
1222 395
1228 335
1231 1403
1232 150
1233 535
1234 163
1237 1982
1240 774
1241 1138
1243 142
1244 1839
1246 586
1247 1830
1248 1335
1249 1925
1250 262
1251 1128
1257 589
1259 1664
1260 666
1262 1009
1264 654
1265 433
1266 281
1267 1065
1268 1025
1269 1921
1272 1626
1274 390
1275 608
1276 692
1278 263
1279 1037
1281 1503
1282 1350
1283 1873
1284 1036
1286 1232
1287 599
1292 1627
1299 88
1301 338
1302 476
1305 1645
1306 1667
1307 1966
1309 1449
1310 1999
1311 515
1312 325
1316 1949
1318 141
1319 1805
1322 156
1323 1523
1327 1573
1328 558
1329 1110
1330 1617
1332 288
1333 344
1334 490
1337 1756
1339 1878
1342 6
1343 1662
1344 428
1345 1425
1347 978
1349 374
1350 421
1351 541
1353 1072
1355 1013
1357 1395
1358 1776
1360 1538
1364 866
1365 271
1367 1204
1371 1819
1373 1483
1374 124
1377 863
1381 255
1386 1381
1388 1770
1390 1988
1392 1456
1395 1753
1396 244
1398 465
1400 1496
1403 358
1405 1286
1407 1474
1408 1958
1410 1121
1411 1069
1413 1153
1415 1342
1416 157
1420 455
1421 590
1423 958
1424 1509
1425 905
1426 442
1427 1310
1428 1436
1429 440
1430 1411
1437 799
1438 1502
1442 1126
1443 516
1445 1097
1446 975
1450 1770
1451 78
1453 978
1455 520
1456 1243
1457 1715
1463 209
1465 504
1466 425
1467 1678
1469 1416
1470 49
1472 1435
1476 1193
1477 342
1478 1483
1481 266
1484 1697
1486 1777
1487 630
1490 236
1491 1237
1493 257
1500 795
1501 1408
1505 463
1506 1153
1508 1591
1509 1809
1510 1587
1511 94
1512 458
1515 1270
1518 1218
1519 1620
1520 1284
1521 1605
1526 364
1529 208
1531 1818
1534 1411
1538 693
1539 574
1540 187
1541 1971
1543 382
1544 484
1547 1330
1548 1757
1549 1437
1555 1129
1557 939
1560 1502
1563 1909
1564 1620
1565 1335
1566 172
1570 66
1576 1048
1578 1924
1582 826
1583 715
1587 1592
1588 1364
1590 1576
1593 1542
1594 851
1595 1543
1601 36
1603 1505
1605 421
1608 287
1610 1505
1612 979
1613 1195
1614 1380
1615 1906
1616 1983
1618 143
1619 990
1620 1950
1622 284
1624 354
1628 1715
1630 1091
1631 263
1633 342
1635 1209
1636 921
1637 1902
1639 1695
1640 1510
1641 1993
1643 1013
1644 1302
1647 55
1648 1219
1649 98
1652 430
1655 1699
1656 15
1657 1077
1660 249
1663 413
1666 1231
1668 1597
1669 1411
1670 1567
1672 599
1676 329
1678 185
1682 231
1684 1094
1685 796
1687 868
1690 703
1694 124
1700 1827
1704 696
1705 1556
1709 1855
1712 655
1716 643
1718 976
1727 36
1728 648
1730 34
1731 18
1732 1818
1733 1131
1734 934
1735 1186
1736 1560
1737 828
1738 1762
1739 446
1740 1279
1741 1500
1742 1436
1746 210
1747 1274
1748 135
1751 660
1752 837
1755 663
1756 1747
1759 700
1760 60
1761 260
1762 570
1763 140
1764 88
1765 229
1766 725
1769 325
1771 409
1772 965
1775 1731
1781 1167
1782 1325
1783 1900
1787 413
1789 447
1797 1446
1798 651
1804 383
1808 277
1810 316
1812 580
1816 1070
1817 115
1819 1823
1820 590
1822 1603
1823 241
1825 628
1826 62
1827 400
1832 1716
1837 117
1838 709
1840 932
1842 1232
1843 1049
1845 1368
1846 1440
1847 52
1849 1460
1854 800
1855 742
1856 144
1857 239
1858 1127
1859 1094
1861 410
1865 1927
1867 715
1868 1955
1870 592
1872 1483
1876 121
1879 1912
1881 543
1882 222
1883 1798
1884 502
1886 1695
1887 1467
1893 537
1894 273
1895 1949
1897 1721
1899 1724
1901 422
1902 1739
1904 633
1907 1562
1909 565
1910 718
1911 1214
1915 875
1917 827
1918 171
1922 300
1925 63
1927 1518
1928 702
1930 656
1935 1229
1936 769
1939 661
1940 52
1942 1345
1943 1808
1947 1287
1948 428
1950 923
1955 1084
1957 1238
1959 1221
1961 485
1967 935
1968 1824
1969 82
1970 1377
1971 984
1972 1245
1973 10
1974 937
1976 1041
1977 1863
1978 1761
1980 1349
1981 1446
1983 1776
1984 484
1990 764
1992 894
1993 1306
1994 1507
1996 121
1997 909
1998 1157
1999 568
