1000 540 35
7 1921
8 1837
9 49
10 865
11 574
16 1542
17 1093
18 1203
20 1735
22 132
24 24
25 1830
26 592
27 715
30 1826
35 201
36 648
38 941
39 1611
42 1652
43 900
45 512
46 1771
48 1766
49 936
51 1531
52 1479
53 795
55 14
59 1798
61 451
63 373
65 362
67 849
68 932
70 581
71 463
76 1632
78 942
80 398
82 1882
83 985
84 855
85 765
87 1063
88 1279
90 515
91 1073
95 983
98 441
100 652
101 1857
102 36
103 1305
105 536
106 173
107 672
109 1452
110 1873
116 1084
117 1846
118 1271
119 257
122 549
123 509
124 2
125 1604
126 54
127 134
128 169
129 1367
132 85
133 1488
134 1771
135 540
138 1953
140 1571
141 1988
143 515
144 712
146 616
150 851
155 1343
157 611
162 1845
165 1102
166 1522
167 554
168 1111
169 1246
172 1895
175 655
177 597
178 1232
180 1220
181 450
182 534
185 1383
186 688
188 1695
190 1072
191 714
192 1224
194 1833
197 1569
202 1435
203 547
207 176
211 508
215 786
217 1651
219 1033
220 800
221 1390
223 479
224 1820
225 163
227 500
234 1059
236 788
237 621
239 728
243 1699
245 196
246 1544
248 1933
250 736
253 1593
254 1678
255 1293
256 672
257 1924
259 1769
261 456
262 394
263 488
264 1982
265 264
266 1575
267 1431
269 1102
274 1442
278 61
280 820
281 893
282 1365
283 754
286 800
290 1059
294 1306
296 1135
297 210
298 1193
299 428
300 1824
303 354
304 1581
305 1461
306 322
307 1283
309 1282
310 1043
311 1612
312 1744
315 2
317 1411
322 1688
324 119
325 256
330 933
331 909
334 1699
337 1541
339 1789
341 1362
343 961
345 666
346 1700
347 923
348 1352
351 1706
353 96
354 540
355 56
356 1014
359 1672
361 669
364 1734
366 1121
367 1285
368 1177
369 741
370 107
372 133
374 1184
381 1422
382 517
384 108
385 1347
389 1580
392 465
398 1452
401 1632
402 1860
406 1466
408 4
410 1039
411 563
412 1823
413 1120
415 1877
416 773
417 1075
418 1157
421 860
422 742
424 678
425 1513
428 1412
436 654
437 1300
438 1321
440 1246
441 1327
444 673
445 1641
446 716
447 492
451 75
452 299
455 1893
456 872
457 31
458 1117
461 1831
462 467
463 1632
464 1707
465 525
466 1444
467 53
468 561
469 1421
470 937
471 47
473 1062
474 249
475 432
476 402
477 1684
480 402
481 1981
482 1810
485 1692
491 1535
493 808
495 1692
496 1084
498 94
499 1
500 703
501 771
502 438
505 770
507 199
510 1201
511 424
512 856
513 517
515 1101
517 934
519 675
520 1031
521 795
524 842
525 1707
526 80
527 995
528 813
530 1870
531 356
534 518
536 519
538 1579
539 959
540 1027
542 1928
545 1187
546 7
547 297
548 1665
550 775
552 809
553 291
557 1336
558 853
563 1069
564 251
568 1716
570 1532
572 1162
578 1034
580 1548
581 1127
582 1251
584 1398
586 367
587 1561
589 1456
591 475
592 1016
593 569
594 546
595 868
597 72
598 1553
600 1491
608 264
611 1551
612 1066
615 1962
616 653
618 1797
619 1266
620 1516
622 50
624 1553
626 1836
629 838
631 1180
632 72
633 1158
636 460
638 1780
639 48
640 1114
641 1068
644 143
649 532
650 270
651 1954
652 861
653 609
659 345
662 69
664 1121
665 1871
666 1070
668 985
670 483
671 898
673 565
677 1704
678 1413
679 1283
686 1610
690 707
692 821
693 1332
694 910
695 1472
697 1484
698 1225
700 1684
701 49
702 1466
703 536
704 559
706 455
707 1529
710 45
712 380
713 1058
714 685
718 1530
719 142
720 175
722 419
726 1171
728 1083
729 1000
733 1229
735 1874
736 442
738 69
740 1711
741 150
743 811
746 735
748 526
753 463
754 268
755 695
758 1265
759 1328
761 925
762 1459
769 1837
771 553
775 1324
780 1439
782 232
784 781
785 163
786 411
787 1666
795 374
796 473
798 1992
800 1011
802 885
804 1466
805 27
809 553
811 877
813 1279
817 934
820 1878
822 1525
824 623
825 1662
828 263
830 1773
836 1350
837 804
840 1421
842 67
844 932
847 502
850 650
851 1451
853 1348
858 918
859 863
861 1807
863 1819
864 1357
865 4
866 1519
867 1651
871 1074
874 1809
875 1545
876 1622
877 141
878 1401
879 1499
880 369
881 1072
882 1737
885 1996
888 1220
891 849
893 1565
898 413
902 1452
905 211
908 422
910 95
911 740
915 1763
916 1479
917 148
918 308
921 25
923 308
927 814
931 555
932 894
933 533
934 1423
936 1855
937 1787
938 1061
940 1923
941 889
944 603
945 1327
946 378
947 479
948 172
949 338
951 1542
957 708
958 1755
959 1435
963 925
972 1109
975 587
977 256
984 528
985 182
986 1540
987 291
989 1118
990 995
991 230
992 1942
993 1806
1005 434
1006 1435
1007 656
1008 1818
1014 109
1015 832
1017 493
1019 580
1020 1348
1022 25
1023 529
1024 1486
1026 1419
1027 1046
1028 167
1030 1436
1031 1582
1032 888
1034 1283
1035 976
1036 341
1037 1583
1038 1896
1039 46
1042 702
1045 1003
1046 1797
1047 948
1048 1314
1050 1396
1052 1610
1054 759
1055 1730
1056 571
1058 332
1060 1755
1061 385
1063 1197
1064 1961
1065 1207
1066 1796
1067 297
1068 265
1069 1588
1070 168
1073 619
1078 1891
1081 1949
1082 510
1085 1397
1087 598
1089 1147
1093 1478
1094 1534
1095 1169
1096 563
1097 737
1098 1993
1099 1748
1104 1764
1106 1673
1107 51
1108 1326
1111 179
1114 18
1116 317
1121 716
1123 742
1126 1841
1127 1077
1131 960
1133 78
1135 1985
1138 1972
1139 156
1140 1946
1147 68
1151 1485
1155 951
1156 1383
1159 207
1165 1306
1167 580
1170 1897
1172 720
1177 1271
1179 651
1181 491
1183 1950
1184 1007
1185 806
1186 534
1187 41
1189 254
1190 1359
1192 961
1198 1035
1201 1729
1204 1697
1207 86
1208 1064
1211 1716
1212 685
1214 269
1215 801
1216 419
1217 470
1218 625
1219 1639
1222 1320
1224 1639
1226 1307
1227 558
1230 1209
1231 1931
1232 723
1233 384
1237 1271
1239 503
1240 1287
1241 110
1242 405
1243 74
1245 1483
1246 264
1247 1400
1250 1482
1258 66
1261 850
1263 270
1265 499
1268 527
1270 693
1271 68
1274 860
1275 1001
1278 334
1279 1114
1280 1018
1281 261
1286 1586
1287 677
1290 1638
1292 558
1293 923
1295 1951
1297 1609
1302 615
1304 1115
1310 431
1312 504
1314 233
1315 506
1316 1184
1317 455
1320 1566
1324 838
1325 59
1327 1753
1328 830
1330 1915
1332 552
1333 406
1334 165
1337 1408
1338 595
1339 1655
1342 1319
1344 1323
1346 169
1347 1506
1350 1143
1354 711
1355 359
1357 366
1358 1678
1359 326
1361 619
1364 1792
1366 969
1368 1622
1369 1238
1371 958
1373 653
1374 873
1375 1456
1376 137
1377 330
1378 1383
1379 1728
1380 1749
1381 1206
1383 681
1385 1224
1386 1302
1393 1946
1396 1161
1399 1725
1400 1304
1402 352
1403 1972
1407 734
1409 373
1412 455
1413 651
1417 930
1418 929
1420 1935
1421 35
1422 1904
1429 1244
1431 1678
1432 701
1434 768
1436 1895
1437 43
1438 1442
1440 346
1441 1908
1450 272
1455 1019
1457 32
1458 1566
1460 1350
1462 226
1469 361
1471 820
1475 601
1476 355
1481 255
1482 1911
1483 607
1484 1725
1486 1024
1487 180
1491 1960
1493 1780
1498 460
1499 814
1503 1967
1505 1379
1507 287
1508 754
1511 1051
1512 757
1515 1175
1517 1200
1518 1315
1521 1632
1522 1434
1523 958
1529 1150
1533 1407
1536 1104
1537 918
1540 1333
1542 914
1543 1807
1544 1914
1545 42
1546 1313
1547 105
1549 1268
1550 739
1551 749
1552 1974
1553 353
1554 100
1557 508
1558 1468
1559 1495
1560 894
1561 473
1563 1280
1566 883
1567 1993
1571 1229
1572 1258
1577 756
1580 1541
1581 1857
1582 1626
1583 479
1584 1577
1585 1824
1587 437
1589 336
1590 404
1591 1880
1592 1280
1593 273
1594 1322
1596 514
1598 102
1600 1775
1601 259
1602 1987
1603 701
1604 1262
1605 1749
1608 207
1609 452
1612 1344
1614 64
1617 561
1618 108
1619 422
1623 879
1624 1653
1625 1937
1626 794
1628 707
1629 1825
1631 332
1632 797
1634 1720
1636 279
1637 1726
1639 1490
1640 1353
1642 1647
1643 972
1644 1385
1647 955
1650 640
1653 1428
1658 1788
1661 73
1662 1313
1664 1094
1666 361
1668 1168
1672 74
1673 1014
1674 1114
1676 654
1679 1662
1681 346
1682 1570
1685 1037
1687 133
1689 131
1691 1610
1693 1054
1694 1843
1695 1775
1696 1461
1697 577
1700 707
1701 100
1702 101
1703 1913
1704 9
1706 150
1710 1231
1715 526
1716 935
1717 567
1718 1906
1720 462
1723 1622
1725 1619
1726 1108
1727 100
1728 811
1729 799
1731 1874
1733 1533
1737 153
1738 905
1740 781
1745 737
1746 1018
1747 871
1748 248
1749 1360
1751 140
1753 662
1754 1765
1755 493
1759 800
1760 352
1763 1677
1765 747
1768 290
1769 779
1772 922
1775 1119
1777 618
1779 1217
1780 1403
1781 1038
1783 1307
1784 319
1786 563
1787 1659
1789 1898
1791 294
1792 285
1795 54
1796 1649
1797 1579
1799 1867
1800 1632
1802 1702
1807 514
1810 702
1814 1970
1821 253
1823 166
1826 542
1830 1821
1833 666
1834 229
1835 392
1836 547
1837 501
1839 1295
1840 1775
1841 1861
1842 699
1844 442
1845 324
1846 1422
1847 1783
1849 1489
1850 280
1851 970
1852 1354
1853 1713
1856 1038
1858 1860
1859 966
1860 1263
1862 984
1863 569
1864 1466
1866 1404
1878 80
1880 1938
1885 896
1886 965
1889 1701
1891 821
1892 831
1893 569
1894 1646
1895 1532
1898 486
1899 1435
1904 1888
1905 748
1912 1122
1913 1698
1914 1982
1915 391
1917 1512
1918 674
1919 673
1920 1964
1921 1932
1923 1234
1924 165
1925 609
1927 1988
1928 599
1930 1877
1931 1935
1932 536
1934 1524
1935 787
1939 998
1942 990
1943 486
1944 1852
1945 887
1946 468
1948 425
1950 1093
1952 870
1957 904
1959 159
1960 1946
1961 1557
1963 165
1965 994
1967 1070
1972 624
1973 670
1976 881
1981 139
1984 1552
1989 363
1990 145
1992 1994
1993 1183
1994 1574
1995 636
1997 1564
1998 1639
1999 1937
