1000 566 718
1 388
2 1164
4 1864
7 615
8 1731
9 678
10 1316
11 1318
12 321
15 1822
18 1379
19 1524
20 316
23 692
27 46
28 1027
30 43
31 1834
32 437
36 42
39 1867
41 1696
42 485
44 1193
46 696
47 1563
48 1930
49 936
50 257
51 1832
52 424
53 57
54 1582
55 1167
56 896
58 1078
62 596
63 401
64 149
67 1321
69 1261
71 616
73 803
76 646
78 60
79 1475
80 1567
81 1852
83 1626
85 609
86 215
89 1383
90 1937
91 1259
92 1069
93 803
94 883
95 1304
97 1713
98 1465
100 1986
101 127
104 1219
107 611
108 706
109 38
111 1729
112 1141
113 1728
114 441
115 657
116 1191
117 1814
124 595
125 752
126 1123
127 880
132 373
135 1888
141 22
142 1756
145 1391
146 99
147 1118
149 1948
150 1450
151 1128
153 1891
154 1500
157 1349
158 1831
159 759
160 1598
161 124
162 680
163 699
164 936
166 775
167 1585
169 1362
170 1948
171 210
173 243
176 1202
177 29
180 1087
181 261
182 377
183 1604
184 1118
186 709
187 807
189 179
190 1708
193 358
194 1359
199 1718
201 686
202 1842
203 1728
205 1866
206 424
209 1422
210 213
213 894
214 1273
217 1637
220 378
221 7
223 382
233 59
234 1918
235 948
236 813
237 1130
242 635
243 1980
244 1590
246 1341
253 509
255 1598
256 1390
258 297
260 1854
263 942
264 1298
265 26
268 1924
269 1149
270 447
271 1502
272 107
273 236
275 250
276 396
279 862
284 1637
286 833
287 747
289 7
290 1935
293 262
294 817
299 1785
303 1508
305 690
306 1038
307 1877
309 1156
310 764
311 554
313 1380
314 840
315 711
317 115
320 767
321 512
323 166
324 1320
326 1000
327 1295
328 1602
330 1707
331 933
333 1671
336 1770
337 576
338 645
339 221
343 76
345 603
346 954
348 24
350 580
351 551
354 1013
356 238
357 1736
360 1954
361 1192
362 1424
364 954
366 506
367 1928
368 529
372 689
374 905
375 41
376 1754
377 1616
378 1289
379 1372
380 71
381 349
386 1981
389 1192
391 1764
392 53
395 508
396 707
400 1586
404 1458
407 145
408 592
409 844
410 1523
411 1225
414 1848
415 212
417 1668
418 754
419 1518
421 571
423 1167
424 521
426 282
428 404
430 380
431 1599
432 1632
433 1723
435 1782
436 1160
440 303
441 1540
445 1259
446 901
449 1631
451 1129
454 530
460 1893
461 1175
465 1440
466 227
467 1829
471 1503
472 968
473 1868
474 1669
475 953
476 1269
477 1767
478 517
485 1615
487 357
489 1776
492 252
496 311
499 37
500 342
501 619
502 638
503 175
506 155
507 739
509 585
511 476
515 1288
517 1884
519 427
522 427
525 40
527 1758
529 1372
531 1397
532 454
535 1713
536 1588
540 1642
542 454
545 604
551 1166
552 1619
553 937
554 1176
555 1531
557 1430
558 715
560 348
561 765
562 356
565 1213
567 1207
570 1274
571 1707
572 1743
577 1700
579 1846
580 593
586 32
587 897
596 76
597 627
601 1690
603 1934
605 1288
608 1667
609 1378
614 1155
615 1059
616 428
617 617
618 555
619 172
621 1184
624 1614
626 632
629 865
630 126
632 105
634 1781
635 411
637 929
638 1153
639 56
641 1055
643 569
644 611
647 403
648 1800
649 213
650 500
651 566
654 909
655 1338
659 1580
661 1085
664 723
665 501
666 318
667 1811
668 1203
669 1408
670 1174
672 538
675 1735
679 729
680 1868
681 1693
682 424
685 618
686 659
688 1053
692 1602
693 800
697 671
698 1134
700 1446
704 1778
705 1773
706 1120
708 932
710 1921
712 205
713 159
716 124
717 323
719 422
720 1551
722 154
723 1113
729 1425
730 419
731 983
732 356
733 452
734 1195
738 1411
742 1356
744 471
745 802
746 895
747 202
749 1264
752 1535
754 1879
755 508
757 1368
760 455
763 1328
764 1261
765 1371
766 52
770 90
771 304
775 888
777 1004
778 629
779 993
781 106
783 1438
785 1284
786 406
787 82
788 1333
794 208
796 1411
797 629
798 650
800 1664
801 990
803 223
804 395
805 335
806 83
807 1582
808 18
809 183
810 1466
811 388
813 1901
817 1449
819 1456
821 1796
824 903
825 1809
828 1285
829 942
831 973
832 1068
833 841
836 1100
840 919
841 520
843 394
844 495
845 1000
847 647
850 363
851 155
853 359
856 537
857 35
858 882
859 1466
860 497
861 469
862 611
863 302
864 1660
866 39
868 1758
869 155
872 1358
873 64
875 174
876 1263
877 527
878 1945
879 1947
881 60
884 1361
886 756
889 781
890 652
893 194
897 631
898 1482
899 508
901 1104
906 282
907 1205
908 647
909 1935
910 73
911 804
913 534
914 1985
917 671
919 1349
921 527
924 782
925 1024
926 850
927 225
928 1120
930 214
931 632
934 889
935 1071
938 20
939 1001
940 100
941 1703
942 969
947 498
950 551
951 1294
953 1415
954 969
956 1080
957 1297
960 1041
961 526
962 347
964 320
965 1296
966 1472
970 188
971 442
977 1360
979 848
980 1850
984 1624
985 1558
987 1407
988 884
990 398
993 161
997 195
1002 1468
1003 450
1005 320
1006 629
1007 1821
1008 1035
1015 1692
1017 210
1021 422
1023 1542
1031 1792
1032 1690
1034 1288
1035 1965
1036 496
1038 1401
1040 1496
1042 416
1043 457
1046 207
1047 1384
1051 677
1052 905
1053 1919
1055 1660
1057 1029
1059 204
1060 1272
1062 1424
1064 1146
1066 1943
1067 1608
1068 661
1071 443
1072 448
1076 645
1077 775
1078 1762
1079 1370
1085 1132
1086 1895
1088 1598
1089 93
1090 1263
1091 1361
1092 651
1093 643
1095 1531
1096 1195
1097 1256
1099 1535
1104 1893
1105 367
1106 1435
1108 1623
1110 897
1112 164
1113 893
1114 1579
1115 250
1118 1697
1119 1989
1122 444
1124 1374
1125 1856
1126 347
1128 1532
1129 1170
1134 1998
1135 447
1136 23
1139 1020
1143 1143
1147 520
1148 1977
1150 976
1152 1219
1154 481
1156 1981
1157 526
1159 1887
1161 172
1162 1018
1164 474
1165 1957
1167 1404
1169 1201
1171 1508
1173 818
1177 22
1178 73
1179 253
1180 1480
1183 904
1184 578
1185 831
1189 998
1190 78
1192 1530
1195 1915
1198 1962
1200 886
1202 792
1203 737
1205 1372
1207 1203
1212 194
1213 995
1215 1684
1216 249
1220 550
1221 887
1224 1426
1226 1285
1228 168
1229 1165
1230 1591
1233 950
1238 528
1239 1185
1240 56
1241 160
1243 1407
1244 1430
1247 1980
1248 1486
1250 859
1252 1338
1253 1748
1256 451
1258 1187
1259 1676
1264 810
1265 1564
1267 615
1272 61
1273 392
1274 1831
1275 1655
1276 708
1277 1855
1278 200
1280 1026
1283 1153
1284 1799
1288 251
1290 319
1291 1607
1293 1739
1294 1029
1295 674
1298 1362
1300 1311
1301 831
1302 1305
1305 1701
1308 1598
1309 1288
1310 1737
1311 168
1321 242
1323 379
1325 1747
1326 161
1327 555
1331 1781
1334 353
1335 686
1338 1659
1341 1751
1343 100
1345 700
1346 1353
1349 959
1350 392
1351 673
1353 400
1354 1889
1362 956
1363 383
1365 826
1366 800
1368 842
1369 266
1371 1935
1372 721
1373 1711
1375 957
1376 601
1378 593
1379 554
1382 1247
1383 7
1386 1681
1388 308
1389 446
1391 953
1395 68
1400 1309
1401 385
1405 468
1406 673
1412 377
1413 1212
1414 1639
1421 1806
1423 133
1425 504
1426 875
1427 1056
1428 214
1430 1154
1432 1700
1434 1545
1435 1489
1436 430
1437 1506
1439 1305
1443 1703
1445 374
1447 615
1451 1475
1452 1474
1453 1765
1455 507
1456 211
1459 1146
1465 1465
1466 707
1467 1516
1469 1490
1474 1193
1480 1458
1482 1664
1484 1887
1487 1470
1491 1605
1493 1616
1496 1414
1497 617
1501 1936
1503 1170
1504 499
1507 655
1509 75
1510 722
1511 1714
1512 1803
1513 755
1514 1307
1519 1561
1526 1985
1529 1416
1530 1624
1531 1368
1533 465
1534 750
1535 1319
1536 72
1537 228
1538 1935
1539 1171
1541 1076
1544 117
1546 427
1547 1794
1548 1583
1550 1204
1551 641
1552 1956
1554 1272
1556 1820
1557 587
1560 595
1565 1148
1568 1027
1569 198
1576 856
1578 839
1580 1811
1584 554
1587 986
1588 1509
1589 396
1590 1040
1591 1028
1593 1296
1595 387
1600 1596
1604 1459
1606 463
1612 1770
1614 606
1617 1854
1618 887
1620 1367
1621 1599
1623 673
1627 1885
1628 189
1633 1277
1635 674
1636 537
1639 432
1640 1969
1641 1988
1642 1868
1645 855
1646 1056
1648 1462
1649 429
1651 1821
1652 1955
1653 943
1656 1995
1659 1148
1661 1698
1662 809
1663 1413
1666 1246
1668 1390
1672 374
1673 518
1674 302
1675 1447
1677 1034
1680 920
1681 1435
1682 483
1685 1770
1687 377
1697 1358
1698 204
1699 1565
1704 1404
1705 1629
1706 1613
1707 249
1708 159
1709 1638
1714 1183
1715 909
1716 1905
1718 924
1721 1571
1722 1286
1723 1807
1725 88
1727 1224
1728 1402
1730 370
1732 1462
1733 1917
1735 1735
1738 1623
1739 753
1741 1835
1746 639
1747 434
1748 139
1749 705
1750 1115
1758 352
1770 1188
1772 70
1778 995
1781 389
1782 115
1785 735
1786 990
1787 1526
1790 1225
1791 152
1792 111
1795 1000
1796 75
1800 156
1802 89
1806 1796
1808 597
1815 1576
1817 7
1818 1825
1819 1622
1824 782
1825 1713
1830 226
1833 1637
1834 1206
1839 1896
1842 1307
1843 1797
1844 1667
1848 51
1849 111
1850 613
1851 316
1852 955
1853 541
1854 3
1857 1752
1859 673
1861 808
1864 493
1867 1313
1873 1338
1875 322
1876 1029
1877 1789
1878 1576
1882 1022
1885 1047
1886 1449
1887 903
1888 1967
1889 1916
1890 265
1892 1503
1895 1916
1896 1863
1898 1801
1900 644
1902 1519
1906 1306
1907 267
1908 1761
1910 319
1912 1357
1914 295
1918 1448
1919 1513
1920 1081
1921 174
1923 1256
1924 815
1927 1739
1928 751
1930 1289
1933 1396
1935 825
1938 411
1940 645
1945 1463
1947 1601
1948 1678
1950 576
1951 497
1953 417
1954 1233
1955 1119
1957 87
1958 1225
1959 1628
1963 1301
1969 1651
1970 1239
1972 1149
1973 1475
1975 1407
1977 950
1983 1614
1984 520
1985 406
1986 1110
1987 611
1992 960
1993 1898
1994 291
1997 1006
1999 577
