300 90 228
1 1999
2 512
3 1739
7 1452
9 269
17 156
20 1507
25 595
37 1308
46 758
47 672
59 1375
65 960
70 783
78 492
89 1486
90 727
102 1127
111 761
112 342
113 606
115 1992
116 441
117 1851
120 742
127 703
139 44
147 886
158 1994
170 558
182 1033
204 1127
217 1524
219 1037
228 966
234 1111
245 960
254 1825
256 1375
258 1688
260 29
274 203
277 130
279 1908
283 1550
291 972
296 407
299 296
322 1891
333 915
334 918
337 736
353 1623
357 1208
360 880
361 831
364 1842
373 1828
375 497
385 776
392 922
393 1194
394 425
402 1777
420 164
423 1832
426 1558
428 1697
433 356
436 1707
441 1656
443 1578
446 1852
452 221
465 278
472 1057
476 628
485 1216
492 459
495 1932
496 694
500 58
503 156
504 1297
510 1736
518 724
519 1688
527 1003
543 1588
545 819
548 562
549 358
552 169
557 1143
561 861
571 1701
575 1252
576 1462
588 838
589 221
599 547
603 604
607 1744
621 1315
634 1556
635 1843
637 1808
641 341
644 734
650 749
653 1665
657 1372
666 439
681 1174
700 1096
701 1079
704 237
708 790
719 1875
720 1357
723 237
729 908
737 131
744 1664
752 874
758 1598
786 585
791 35
796 391
798 1776
804 1941
805 737
813 337
818 1952
820 375
821 598
822 282
835 397
846 1229
847 1970
850 1573
859 1753
868 655
873 756
875 1133
889 862
897 1631
898 562
905 827
914 1329
917 334
918 1810
922 710
928 172
936 1430
950 1888
962 1962
966 942
977 1094
998 468
1001 701
1002 447
1012 884
1015 1364
1041 1214
1051 74
1053 1099
1076 1195
1079 504
1083 645
1084 269
1092 927
1096 639
1109 819
1118 993
1139 236
1143 1647
1144 757
1145 1864
1158 748
1165 1146
1170 38
1182 1640
1201 1751
1207 1495
1208 1694
1211 1381
1219 1654
1232 386
1240 1292
1245 1264
1255 1033
1271 817
1289 1623
1298 1563
1299 1457
1306 1608
1314 1275
1316 748
1321 687
1331 1742
1332 395
1333 11
1346 1482
1349 1791
1353 1150
1384 932
1387 977
1391 1040
1407 1179
1409 1631
1412 789
1420 167
1421 1448
1425 1040
1428 1938
1435 1948
1439 1666
1443 252
1449 183
1452 593
1454 145
1473 737
1497 436
1503 1423
1508 337
1522 1096
1523 79
1526 1614
1551 1076
1552 716
1554 1263
1563 1434
1576 991
1577 342
1581 355
1583 1746
1596 173
1604 1236
1615 1894
1621 832
1622 1494
1626 1934
1634 705
1637 700
1641 1832
1642 502
1660 1191
1665 1242
1668 1316
1677 502
1678 682
1697 77
1701 919
1705 329
1709 497
1714 130
1723 29
1728 1876
1730 1992
1733 1688
1738 1827
1751 284
1756 1024
1774 1776
1778 83
1785 1509
1787 1980
1788 1158
1792 1787
1795 437
1799 604
1804 210
1807 653
1815 186
1822 1993
1827 1614
1830 364
1832 258
1833 625
1854 389
1855 89
1858 921
1859 1463
1864 1681
1868 1772
1880 59
1889 1977
1893 94
1898 223
1900 1476
1906 1185
1912 1119
1934 1155
1939 940
1940 160
1943 765
1946 376
1983 493
1984 365
