1000 530 558
0 1249
1 643
3 797
10 1133
11 1313
15 530
16 1899
17 1124
18 1267
19 865
21 1602
22 90
25 691
26 420
28 692
29 1879
31 1671
33 1482
34 923
36 1265
37 692
39 99
42 1911
43 1393
45 1223
47 293
49 876
50 1952
56 1740
57 1453
60 634
61 1682
64 1975
65 651
71 1308
74 826
76 955
77 905
78 8
79 388
80 714
81 1166
82 172
84 568
85 1183
88 1389
90 1507
92 1819
93 1046
96 81
97 968
98 372
100 905
104 1657
107 1202
108 1425
109 1313
113 1899
115 138
117 1587
118 931
120 40
124 691
125 1415
127 667
128 488
129 735
131 1215
132 1293
133 154
134 903
135 1296
136 48
138 963
143 1550
145 1573
146 243
147 210
148 34
151 974
152 505
154 1255
155 1739
156 248
157 960
162 1135
163 1983
164 705
165 1850
166 871
168 343
169 1306
170 474
173 893
175 1923
176 116
178 911
179 1489
180 18
183 174
187 1496
189 40
190 959
191 699
192 1830
194 1695
195 181
197 119
198 153
204 249
206 936
207 140
208 1104
211 1505
212 923
214 11
215 1222
216 683
218 714
219 1197
221 398
222 548
223 1112
224 1234
225 977
226 284
227 1847
228 90
229 1094
231 1296
235 1791
236 293
240 1802
243 309
244 735
245 1966
248 1862
251 596
252 759
259 222
260 417
261 365
263 1258
264 1320
265 1265
267 1369
268 1725
269 1644
270 1088
271 1848
272 1838
273 240
274 1452
276 244
278 1737
280 593
281 243
282 814
284 41
286 1093
290 783
291 1671
294 393
295 446
297 202
299 691
302 1110
303 1210
304 1102
305 1556
307 398
308 1665
311 539
312 578
313 1831
314 1600
315 1517
319 116
320 1354
321 1468
323 401
328 1435
330 1176
331 329
333 1486
335 581
336 1696
337 316
340 450
342 1620
343 1338
346 1008
351 1426
352 1469
354 324
356 1709
360 273
369 1814
371 1015
377 1920
380 1808
381 1932
382 655
384 866
385 396
387 1387
389 907
390 852
391 968
393 792
394 852
396 780
398 703
399 1930
404 1278
405 1587
406 1774
407 662
408 210
409 1907
412 1151
413 365
414 560
418 1252
420 1064
421 1575
423 1820
424 384
427 1296
429 1379
431 354
432 1301
433 2000
434 930
435 134
436 1416
439 1700
441 1026
442 1056
443 1252
444 1845
450 1108
459 1096
465 714
467 949
472 1928
473 1555
474 1382
475 512
477 272
478 1479
480 1262
482 1172
483 248
485 545
487 1800
489 1867
490 1153
491 1584
492 426
494 755
498 1881
501 1398
502 316
503 1630
504 593
505 1853
506 472
508 218
509 170
510 430
511 139
514 1533
515 1224
516 34
518 1479
519 487
520 1191
528 1788
531 1733
533 1532
534 607
536 192
537 52
541 885
542 1714
545 1114
549 1943
552 995
553 1354
556 327
557 1070
560 546
561 71
562 1190
565 1114
566 1200
568 1779
571 1664
573 849
575 1015
578 1495
580 1587
582 611
583 13
584 827
586 995
587 875
589 505
590 1382
591 1549
593 1663
595 1154
596 625
597 34
598 831
602 752
603 1890
605 1857
609 1342
611 1150
613 930
614 267
615 440
616 337
617 1074
618 271
622 1034
624 311
632 1597
633 1483
634 966
635 218
639 1364
640 419
642 639
645 87
649 191
650 1613
651 586
652 592
653 497
656 1018
658 1943
660 631
661 1117
665 1344
667 121
668 1513
669 1251
671 1375
674 1592
675 1371
676 1413
677 1962
678 869
679 1538
682 813
684 1374
685 934
686 587
688 580
689 847
690 1531
693 206
697 727
699 295
703 1632
705 34
706 913
707 258
708 627
716 1237
718 631
720 100
722 1761
723 1136
724 1130
727 474
728 4
730 338
731 125
735 492
736 1159
740 870
741 1545
742 674
744 252
745 106
747 1261
751 1166
752 687
753 1920
755 722
758 169
763 1709
765 1484
766 413
767 473
768 167
769 23
770 826
771 961
772 1584
773 76
774 1972
775 539
776 779
777 255
778 1096
779 281
780 195
781 1712
782 1921
785 1960
786 1067
788 1800
790 269
791 1250
793 1885
798 324
799 1435
801 1165
802 496
805 134
806 1671
807 1837
808 1104
810 74
811 1236
812 1108
813 622
816 77
820 898
824 1460
825 1820
830 1588
831 1678
833 1618
834 86
836 161
837 1405
839 1774
840 740
843 333
847 1522
848 1221
851 221
854 361
855 1843
860 502
865 668
866 540
868 487
870 778
871 1180
874 1097
875 1808
876 652
880 375
881 356
882 95
883 431
885 820
886 1262
888 547
890 1118
894 1305
895 126
896 164
897 391
899 421
900 512
904 340
905 1223
907 911
909 511
911 1579
912 445
915 40
917 71
920 128
921 1967
924 378
928 556
934 1248
936 143
938 194
939 345
941 135
942 534
943 1840
946 1295
948 1221
949 1302
952 25
953 995
956 1123
957 1721
962 81
963 15
965 1698
966 1798
967 40
969 926
970 169
972 10
978 368
979 654
981 1949
983 1038
986 1271
989 1864
992 829
994 1210
995 1207
997 1957
998 1454
1004 1229
1006 1082
1008 956
1011 817
1012 1088
1014 121
1016 855
1017 63
1018 1452
1019 1336
1020 100
1023 723
1026 176
1029 135
1033 1460
1035 347
1036 1380
1037 1808
1038 1945
1040 638
1041 456
1042 1135
1043 536
1046 371
1049 1272
1050 1875
1051 115
1059 270
1062 1793
1063 211
1068 1432
1070 416
1073 200
1074 758
1080 1503
1081 1724
1083 17
1084 1380
1085 630
1086 1516
1089 467
1090 969
1091 42
1093 1922
1094 1823
1095 1237
1097 1442
1101 359
1108 1241
1111 1585
1113 1272
1114 129
1119 398
1120 622
1121 76
1122 725
1123 1934
1124 882
1125 828
1126 1615
1127 1969
1130 42
1131 119
1132 1323
1133 1517
1134 311
1135 658
1137 608
1138 795
1139 1768
1141 83
1142 1159
1143 410
1146 32
1147 717
1149 1693
1150 837
1154 219
1155 1323
1156 1231
1159 553
1160 113
1163 1621
1165 1993
1166 217
1170 319
1174 1222
1175 130
1177 1634
1180 226
1183 1581
1185 1204
1187 826
1189 109
1192 320
1194 731
1195 38
1197 1623
1198 916
1200 1354
1201 210
1204 1310
1206 1327
1208 1874
1210 905
1211 582
1212 1018
1213 1178
1215 51
1216 1149
1217 621
1219 1733
1221 1738
1224 1728
1226 1834
1227 1817
1232 1235
1234 1624
1237 253
1239 6
1241 1995
1243 1516
1245 1233
1247 1503
1249 1071
1254 182
1255 1751
1256 1827
1257 418
1258 698
1260 125
1261 1779
1262 1682
1263 1279
1264 1787
1267 116
1268 1330
1269 1801
1271 1456
1273 0
1274 1946
1277 599
1280 303
1282 1292
1286 1067
1289 266
1295 665
1296 1432
1298 369
1305 1960
1308 1849
1310 465
1312 1650
1313 1408
1318 1777
1319 64
1320 193
1322 1420
1325 1866
1326 136
1328 573
1331 1730
1336 482
1338 585
1341 1694
1346 1384
1347 297
1348 736
1350 336
1353 1467
1355 1568
1359 218
1360 735
1361 1254
1365 1229
1368 1571
1370 798
1371 1990
1372 68
1374 1364
1378 6
1383 1979
1385 1287
1387 751
1388 1959
1389 498
1392 1485
1393 759
1394 903
1400 1119
1403 291
1405 366
1406 77
1408 2
1409 1801
1410 591
1413 485
1416 567
1418 94
1419 433
1420 1039
1423 195
1427 1885
1428 1042
1430 1846
1431 1224
1432 1563
1433 1844
1435 1362
1436 216
1437 1844
1438 1737
1441 1704
1443 1499
1444 622
1445 1337
1446 1546
1447 591
1452 471
1457 2000
1458 352
1459 1345
1463 713
1469 1366
1473 611
1475 1756
1479 746
1480 130
1481 929
1483 527
1484 1068
1485 399
1486 476
1489 1120
1490 906
1491 252
1493 944
1494 317
1495 1757
1498 1025
1499 1056
1500 1063
1502 120
1504 42
1507 494
1511 751
1513 1036
1514 1974
1518 812
1519 1640
1520 466
1521 106
1525 868
1527 340
1528 1481
1529 1257
1533 1626
1534 581
1538 2
1540 551
1541 777
1543 597
1544 1753
1545 1971
1547 1621
1548 549
1551 600
1552 1720
1554 731
1555 336
1559 400
1560 94
1562 1663
1563 858
1564 1772
1566 641
1568 1481
1569 1375
1572 191
1574 1352
1575 1787
1578 862
1580 720
1582 871
1584 1474
1586 489
1587 1360
1589 154
1591 821
1593 1972
1595 42
1596 1747
1597 1300
1600 775
1602 605
1604 763
1609 1256
1610 1065
1611 130
1612 1614
1614 284
1615 452
1616 688
1617 140
1619 1085
1622 117
1624 968
1625 1281
1626 1168
1630 1159
1631 1089
1634 1749
1635 237
1636 339
1639 1060
1640 316
1641 238
1642 1264
1643 446
1645 1128
1646 320
1651 739
1655 934
1658 19
1659 988
1661 58
1663 256
1665 1
1666 1227
1667 76
1668 354
1677 5
1678 722
1680 526
1683 258
1684 1111
1686 848
1688 1284
1690 1129
1692 1050
1693 346
1696 1580
1704 710
1706 609
1707 1424
1708 1905
1712 1821
1715 403
1718 140
1720 1428
1723 737
1724 1458
1727 939
1732 1828
1735 451
1736 835
1738 1186
1740 885
1741 1282
1744 1290
1745 788
1746 966
1747 1549
1752 539
1755 1117
1761 404
1762 1662
1763 666
1767 1451
1768 385
1769 208
1770 329
1771 820
1773 1792
1774 102
1775 922
1780 1453
1782 103
1784 1624
1787 1384
1788 1951
1791 1951
1792 53
1796 401
1799 237
1800 12
1803 798
1804 1610
1805 1525
1808 26
1809 1312
1811 1826
1815 1389
1817 1588
1818 388
1819 1164
1820 427
1822 710
1823 666
1824 1877
1825 646
1826 468
1827 30
1828 1333
1830 758
1831 1956
1833 1982
1835 1178
1836 930
1837 380
1839 1187
1848 1745
1853 685
1855 553
1859 1522
1860 171
1862 1350
1864 1750
1869 1938
1871 267
1875 1465
1876 377
1878 595
1879 32
1880 1633
1881 193
1882 533
1883 1683
1884 1911
1885 471
1886 1650
1889 528
1891 1312
1892 1827
1902 262
1903 259
1907 685
1908 1093
1911 448
1916 1538
1918 725
1920 1071
1922 1048
1928 673
1929 1043
1931 870
1932 1921
1934 612
1935 1760
1936 382
1938 1890
1939 608
1940 591
1943 337
1945 1894
1946 861
1947 381
1948 1152
1949 1629
1952 661
1954 433
1957 231
1959 779
1962 1557
1967 451
1972 1975
1973 573
1975 955
1976 125
1978 72
1979 1057
1980 588
1982 1186
1988 1756
1990 484
1993 737
1994 1909
1996 1498
1997 747
1998 293
1999 355
2000 1495
