300 142 195
3 1049
7 1492
16 597
26 1627
32 54
36 231
39 1322
43 1521
66 331
69 1172
70 1801
81 1635
88 1291
91 1362
97 371
99 957
106 1141
117 74
139 378
161 1225
162 1175
170 1672
171 1954
181 722
187 1719
196 1694
197 1315
199 1099
207 1345
217 1197
218 367
220 1162
221 1597
228 1664
235 729
242 1034
244 937
246 878
249 1381
253 516
257 1213
259 1372
261 227
262 753
265 74
269 725
275 1556
285 1365
288 998
292 1539
293 206
301 112
306 1232
309 1448
312 1923
319 1641
324 966
333 268
337 172
339 1391
341 1454
344 609
347 144
355 1739
363 1297
369 689
370 1828
383 1231
387 38
390 1522
398 1093
414 518
417 1816
428 866
429 1695
430 1089
434 1453
440 1561
442 184
448 1793
451 49
454 252
471 1710
476 512
480 157
481 1727
495 1810
497 706
498 860
500 633
508 566
522 1541
526 537
536 1107
537 1342
544 171
547 977
555 776
557 591
583 974
597 330
609 633
617 582
619 294
623 1659
631 1298
633 1701
654 1553
660 578
665 1423
683 1550
686 122
698 1321
709 1928
720 1525
727 369
734 674
737 1658
744 1790
756 657
770 310
774 1764
781 1436
795 1400
800 1364
809 1023
831 438
843 267
848 172
851 1677
854 1961
859 935
878 1955
880 465
896 987
902 829
909 316
914 550
920 156
932 897
950 33
952 764
959 1344
963 1300
979 1239
987 1763
989 389
990 643
997 1446
998 229
1021 1072
1028 380
1036 1695
1040 479
1048 1414
1052 71
1056 674
1069 470
1071 1845
1075 516
1078 353
1081 1348
1083 1423
1084 1081
1093 68
1094 1048
1095 1879
1104 683
1117 1865
1122 1992
1123 366
1125 308
1133 1443
1134 232
1135 1813
1146 387
1147 80
1150 1039
1153 1379
1160 1474
1162 1778
1165 842
1167 1380
1171 743
1173 286
1187 103
1194 310
1197 138
1198 116
1241 683
1251 110
1258 953
1264 635
1265 1851
1268 1270
1287 514
1288 1361
1294 1275
1304 624
1310 1883
1312 675
1313 618
1316 1348
1318 869
1325 1394
1326 1680
1327 1991
1331 1044
1332 217
1336 81
1348 1498
1355 1865
1361 1415
1370 1388
1375 1998
1378 990
1379 547
1391 1062
1404 1541
1410 544
1424 1804
1447 1826
1464 857
1492 1895
1502 1115
1505 326
1506 603
1513 1703
1520 340
1535 1007
1537 1729
1544 1023
1545 213
1550 1431
1559 1049
1562 1741
1581 1102
1599 878
1607 1220
1609 1438
1612 453
1624 850
1629 772
1633 1198
1636 206
1641 1380
1652 265
1653 1827
1659 1254
1691 645
1695 274
1698 1934
1702 1541
1708 886
1709 1368
1711 1332
1718 698
1723 1336
1725 1479
1726 1482
1727 1540
1733 1131
1757 839
1760 1263
1767 1578
1771 1179
1774 1209
1792 587
1795 870
1803 1673
1817 729
1822 1288
1825 1874
1829 1858
1842 344
1850 652
1856 1281
1857 1058
1858 169
1865 717
1872 1899
1892 1580
1904 1657
1915 1116
1916 302
1920 1233
1931 1924
1933 1518
1935 919
1942 125
1948 1193
1949 1791
1952 941
1957 101
1958 324
1965 1793
1966 903
1979 34
1981 1942
2000 831
