1000 553 493
3 453
4 215
8 1112
9 1447
13 69
14 1525
15 69
20 1869
22 43
25 1840
26 1220
27 556
29 1156
31 1302
32 1982
33 836
34 385
35 217
36 806
37 1835
38 1581
42 1924
44 623
46 1942
47 1089
50 55
52 1880
54 1849
59 181
61 1819
63 168
66 1126
67 1440
68 1859
69 1644
70 1127
73 313
77 1549
79 1123
80 288
81 122
82 751
83 1633
85 561
86 985
87 473
88 151
89 1202
90 1397
92 1749
94 184
96 104
97 1808
100 961
105 1695
106 930
107 26
108 867
109 1516
110 1713
111 199
113 1941
114 296
117 215
119 901
122 1858
124 700
125 378
126 1209
129 5
130 597
132 1509
134 1811
135 1124
136 1445
139 594
141 133
144 387
145 450
148 851
150 752
151 1867
154 291
159 793
167 1090
169 1661
170 1635
171 1579
174 1326
176 559
177 327
180 1943
182 1431
184 1668
185 264
189 227
190 1862
191 1031
193 517
194 465
199 205
202 1757
203 1533
204 1242
209 904
210 7
211 87
212 750
213 1680
216 1040
219 12
220 1729
224 1072
225 1204
227 1717
229 1071
231 1506
237 277
238 1649
240 561
245 1
246 1218
247 1123
248 37
250 1152
252 409
253 73
254 1459
257 970
258 673
259 1249
260 683
262 831
264 850
265 1894
266 1158
271 602
273 606
274 1074
276 896
277 1749
278 341
280 887
281 971
284 906
287 460
290 1861
292 814
293 1956
294 529
295 511
298 1212
303 568
306 1334
314 1669
315 275
317 175
318 1432
319 918
320 1857
321 1378
322 1181
324 1417
326 241
328 231
329 1482
335 104
336 1858
337 1422
341 1173
343 811
346 1899
348 999
350 473
351 1678
353 296
357 469
359 1249
360 276
362 1995
364 509
365 1117
366 43
367 736
369 72
370 256
371 1589
372 1889
373 1840
375 684
376 809
379 1188
380 27
381 987
382 1635
384 1946
387 1793
389 1826
391 1930
395 1167
396 655
397 66
398 1586
399 658
400 677
401 216
405 1887
406 1473
410 1089
411 559
412 1055
414 542
416 1041
418 148
419 917
420 1808
421 923
424 1372
425 1207
428 1776
431 957
432 1058
436 1944
437 959
442 298
449 375
455 1380
457 509
458 1429
463 234
464 1413
465 1082
466 630
467 1504
468 1759
469 948
472 969
473 758
475 59
476 784
477 1102
478 1628
479 478
480 1365
481 1906
482 1350
485 1855
486 686
490 1956
491 44
493 729
496 1424
497 481
498 1884
500 995
501 977
502 508
503 855
504 198
509 1934
511 774
513 817
519 121
520 1554
521 180
522 39
523 326
524 1861
527 1759
531 1654
532 1303
533 1276
534 1779
536 606
538 399
540 1491
546 1535
550 344
552 198
553 812
554 548
556 1818
561 568
563 280
566 1013
567 1149
569 67
572 126
573 108
574 786
576 1841
577 1967
579 2000
580 380
581 1285
584 1990
593 706
594 1221
595 591
599 1489
600 52
601 877
602 887
603 108
604 1937
605 125
607 1678
609 1874
611 1329
612 671
615 1675
617 212
618 1417
621 675
622 1043
624 1470
625 1255
629 1545
630 371
632 614
634 836
639 455
643 661
645 1578
647 1228
648 1730
650 771
651 1102
652 518
653 1210
654 1537
655 1110
656 872
658 1024
659 723
661 45
663 1346
664 978
666 793
667 140
673 1940
674 586
675 314
677 459
679 1633
680 315
683 631
686 1821
688 1966
693 1771
694 1922
695 811
696 712
701 657
703 1235
706 295
708 307
711 1651
712 442
717 1391
719 1166
721 1854
722 293
724 223
728 937
729 1267
733 20
738 1259
739 827
740 242
741 696
743 140
744 1642
746 1696
748 1039
749 1844
750 676
752 119
754 1309
755 183
758 720
760 286
761 1269
764 1562
765 214
767 1468
770 1606
773 825
775 1478
776 390
777 747
778 1193
779 1931
782 575
784 1558
785 297
786 1351
787 174
788 1759
789 1896
790 426
791 294
792 213
794 1558
796 402
797 310
799 606
801 161
802 1833
803 898
806 395
808 1497
812 143
813 1707
814 1727
815 536
817 69
819 272
825 1291
830 1707
831 1771
832 937
839 287
844 1027
845 622
846 277
847 1093
849 420
850 1590
852 570
854 124
858 1861
859 1676
861 338
862 1750
864 514
865 1543
867 1348
868 1586
869 1850
870 904
873 296
876 1989
878 795
880 1191
881 1338
882 1858
888 1807
892 1530
894 1685
897 366
901 835
903 253
905 372
906 86
907 1444
908 1546
909 784
910 632
912 1142
917 731
920 671
923 157
924 1668
925 778
927 521
932 1485
934 225
935 1559
936 1432
937 351
953 1040
954 1226
957 1917
959 1537
960 1378
961 1210
962 1828
963 769
964 647
965 1524
966 1999
967 2000
971 875
973 398
974 33
976 1311
977 994
978 519
980 1555
986 248
987 1774
988 1045
989 57
992 1008
993 1976
994 77
999 1931
1001 1074
1002 185
1005 764
1006 797
1007 1721
1008 710
1009 867
1010 800
1011 1871
1015 1753
1016 1239
1020 848
1023 93
1024 476
1025 496
1026 707
1027 1921
1028 1772
1029 1718
1030 1129
1033 230
1034 1988
1036 208
1037 1738
1038 1598
1040 1676
1042 1952
1046 1379
1048 738
1051 551
1052 139
1053 1796
1054 1529
1056 1664
1057 1784
1058 1843
1060 1481
1061 1495
1063 499
1065 677
1066 756
1067 109
1069 833
1073 1534
1079 1907
1082 399
1083 602
1086 1694
1088 594
1089 118
1090 100
1091 1713
1092 751
1093 1840
1095 1291
1098 689
1102 140
1105 301
1108 1766
1109 651
1111 820
1113 1583
1114 1713
1119 1973
1120 739
1122 1561
1123 666
1124 957
1125 1239
1126 1307
1127 1341
1128 1444
1131 507
1132 761
1135 1856
1143 881
1144 1404
1147 1122
1148 612
1149 341
1152 375
1153 858
1154 0
1156 1987
1160 973
1161 572
1162 271
1168 220
1170 1953
1174 1677
1175 184
1177 46
1179 1908
1181 1504
1182 1869
1186 1577
1187 557
1190 443
1193 1363
1194 1358
1195 278
1196 129
1201 976
1203 66
1206 1435
1207 22
1208 1167
1211 997
1217 262
1219 1263
1220 8
1223 239
1224 1143
1225 1479
1229 1899
1232 1874
1233 903
1234 688
1235 697
1237 421
1239 868
1240 414
1241 1755
1242 1883
1244 1999
1246 723
1247 840
1248 1196
1249 412
1254 869
1255 1057
1257 1868
1258 1701
1259 389
1260 362
1262 575
1264 1191
1265 335
1267 308
1268 881
1270 118
1272 815
1276 1519
1277 23
1282 86
1294 24
1295 967
1296 1581
1297 1985
1298 800
1299 1230
1300 1486
1302 26
1303 45
1305 516
1309 429
1311 615
1315 1384
1317 989
1321 1554
1325 1401
1327 1556
1328 1559
1329 1192
1330 262
1333 1773
1335 0
1336 610
1338 924
1339 1346
1340 687
1341 288
1344 816
1345 683
1346 817
1348 134
1350 765
1357 664
1359 60
1362 1879
1366 391
1368 276
1370 1060
1371 1739
1372 282
1374 645
1377 569
1378 237
1379 797
1380 1193
1381 1200
1384 121
1391 1629
1393 1018
1394 1294
1401 534
1403 1723
1405 339
1407 615
1408 648
1409 129
1412 574
1413 682
1415 1929
1417 638
1418 1732
1420 1197
1421 1003
1422 1369
1424 445
1426 1829
1428 81
1429 1740
1430 1614
1432 732
1434 268
1435 1044
1436 713
1437 675
1438 1955
1439 1075
1440 928
1441 1482
1442 442
1445 932
1447 184
1450 16
1454 715
1459 1743
1464 1971
1465 1820
1469 19
1470 76
1472 346
1474 1492
1475 951
1476 425
1477 1315
1480 230
1484 1963
1485 176
1487 842
1490 912
1492 1337
1493 16
1498 1417
1499 367
1502 1553
1503 1984
1505 820
1508 148
1511 1553
1513 1164
1516 1801
1517 1564
1518 310
1519 725
1520 1323
1521 1437
1522 1573
1523 370
1524 1328
1525 1298
1527 388
1530 719
1531 1559
1534 670
1535 1525
1539 287
1540 1426
1542 1779
1544 175
1549 536
1551 1737
1554 656
1555 525
1558 1542
1568 109
1570 1429
1573 70
1575 1710
1580 1848
1581 752
1582 859
1583 757
1585 722
1588 399
1589 537
1590 896
1591 190
1592 237
1593 1919
1597 1036
1598 196
1599 533
1600 288
1602 948
1604 955
1609 86
1616 240
1617 1840
1619 1330
1625 126
1627 776
1630 559
1631 1887
1638 1555
1639 1878
1641 795
1643 262
1645 1044
1647 21
1648 1494
1650 95
1653 1301
1655 131
1657 1414
1658 1633
1659 1512
1661 1110
1662 667
1663 1266
1664 1514
1665 415
1666 1959
1667 375
1668 1072
1669 333
1671 1917
1675 1044
1677 976
1678 1926
1680 469
1681 1473
1682 1732
1684 1120
1685 1819
1687 572
1688 608
1690 1983
1699 464
1702 1960
1703 1267
1704 1155
1705 773
1706 1150
1707 1797
1710 35
1714 69
1715 691
1716 459
1718 390
1719 1851
1723 734
1727 642
1730 958
1733 538
1735 1324
1736 56
1737 401
1739 409
1740 693
1742 11
1743 1762
1747 425
1748 685
1749 1369
1750 1365
1751 249
1752 1076
1753 173
1756 288
1760 533
1761 218
1762 113
1765 1960
1767 135
1769 160
1770 1128
1771 749
1774 323
1777 115
1779 493
1780 1469
1782 254
1784 802
1786 1850
1788 54
1792 126
1793 1185
1794 1891
1797 1543
1799 491
1801 603
1803 1493
1807 996
1809 1334
1811 1833
1812 515
1813 1332
1815 816
1817 1093
1818 1253
1819 493
1822 0
1824 1248
1827 1914
1828 839
1830 254
1832 581
1835 583
1836 1924
1837 1081
1838 390
1839 1
1841 769
1842 1550
1844 1792
1845 1827
1846 957
1847 1630
1849 145
1851 315
1853 1795
1854 422
1855 395
1856 88
1858 444
1859 334
1860 403
1863 850
1864 1196
1865 900
1866 530
1867 1940
1868 323
1873 636
1874 1630
1875 1397
1876 906
1877 882
1879 920
1882 1299
1883 584
1889 1650
1890 1874
1893 1028
1894 155
1897 1779
1898 1681
1899 146
1901 63
1903 1952
1904 1447
1905 1608
1908 1659
1911 1509
1915 1522
1916 1131
1917 1591
1918 972
1921 220
1922 749
1923 1642
1924 1184
1926 394
1927 1573
1931 1910
1932 1643
1933 1554
1935 856
1936 1985
1938 1225
1944 1408
1945 317
1946 100
1947 844
1948 1390
1951 1804
1953 523
1954 1413
1958 101
1959 1188
1960 556
1964 1459
1965 845
1966 1303
1972 1288
1975 64
1980 599
1982 1558
1984 174
1985 1872
1986 1795
1987 596
1988 1734
1989 1401
1990 1748
1991 624
1994 737
1997 1863
1998 943
