1000 501 358
6 1177
10 1555
13 1577
17 190
18 1666
19 21
21 1399
24 326
25 176
28 637
30 1937
31 896
32 1292
33 940
38 607
39 1615
40 995
41 1676
46 625
50 940
51 493
53 1151
55 1029
57 541
59 990
60 599
61 735
62 24
64 1262
65 650
66 823
67 773
68 1000
69 1374
71 496
74 1097
75 599
77 7
78 1045
82 1432
84 251
85 607
86 1831
88 427
89 201
90 763
96 1497
97 1961
99 259
101 167
103 1121
106 1011
107 1781
108 210
111 951
112 1449
114 623
115 1760
116 1690
117 1811
118 89
120 859
121 653
122 1961
126 1358
128 230
129 873
131 566
133 1299
134 1879
136 1619
137 377
143 1384
145 64
147 983
149 1655
151 637
152 80
154 1896
160 941
161 1593
162 221
163 1576
166 1349
169 1924
171 1821
172 227
174 1549
178 225
179 1947
181 1133
182 780
183 52
184 1651
187 797
189 504
190 612
191 1213
192 283
193 1286
195 1939
196 1125
197 1986
198 643
202 1984
204 874
205 957
207 823
208 8
211 717
213 1994
214 1874
216 1265
218 773
219 345
222 1981
225 50
228 789
229 940
230 791
232 1810
236 1446
238 1218
239 1704
240 1279
242 998
244 572
245 457
247 344
248 1305
254 984
255 926
256 1573
257 1347
260 1811
261 1569
266 304
267 1088
268 1934
269 1894
271 680
272 1550
273 1404
274 1308
276 1983
277 1443
278 741
280 1188
289 993
292 1497
293 1885
294 1669
296 607
299 549
300 58
303 1093
305 1117
306 264
310 754
312 246
315 1907
316 1410
317 1281
318 1341
321 796
322 1441
323 201
326 392
327 378
328 1881
329 333
331 79
332 484
333 1376
334 1612
335 1175
337 354
339 1107
346 299
348 1431
349 347
352 1500
354 688
355 620
356 36
362 545
364 422
365 1789
367 47
371 802
372 355
374 1855
375 69
377 809
378 966
380 953
381 1776
382 365
383 987
384 587
388 1191
390 1572
391 254
394 1128
395 1144
398 1662
399 612
400 11
404 403
406 1618
407 1479
408 1777
411 1081
412 1696
413 535
414 1965
417 367
420 834
421 351
422 1261
424 1129
425 770
426 1965
429 1679
430 506
432 1515
433 235
436 9
437 406
439 1942
443 1866
447 373
448 1116
449 16
451 943
452 1832
455 312
458 771
459 529
461 574
462 1678
463 1878
466 433
467 1027
468 1777
471 725
472 1734
474 1601
476 535
477 591
478 718
480 196
484 223
487 1590
488 631
489 422
490 284
491 550
492 1566
494 909
495 604
498 199
501 533
502 1539
503 1590
505 1767
507 696
512 212
513 508
514 197
516 1692
518 1289
519 1440
520 14
521 1759
522 1810
525 1926
526 605
529 1367
532 500
533 1044
535 1395
536 930
537 549
538 235
539 55
542 1308
544 742
547 1720
549 394
552 354
553 1360
554 4
555 1836
556 1832
558 1822
560 1585
561 1628
564 186
566 550
568 401
569 1066
570 604
575 1958
577 1092
579 758
581 889
586 783
591 1195
597 1081
598 1820
600 1256
601 420
602 1729
604 438
608 99
609 1544
615 1932
616 474
619 100
621 293
622 1521
624 1567
627 1808
630 263
632 1874
634 1382
635 1046
637 889
644 529
645 462
647 1808
648 1369
649 1339
650 1475
652 1028
655 1557
656 10
660 148
661 20
663 210
664 1263
668 1155
672 950
673 291
675 748
677 119
678 267
679 870
681 1898
682 348
684 1143
685 680
686 608
687 1929
688 973
690 1782
693 1577
695 43
696 1996
697 1565
698 183
699 56
702 507
704 628
706 1659
707 1729
710 1260
711 1600
712 502
715 1237
717 1359
718 1626
720 1467
721 1586
722 944
724 1155
725 1060
729 1254
732 80
734 1452
735 1046
736 143
738 1145
739 709
740 1260
742 342
743 475
745 1098
746 1337
748 1731
752 1975
753 548
755 773
756 1911
757 443
760 300
763 920
764 1394
765 1946
766 428
768 425
770 537
772 1209
773 1953
774 1001
777 603
778 863
780 1798
782 946
783 1338
784 1667
786 512
788 415
789 15
792 695
793 674
796 1889
798 1231
802 1490
803 945
806 1869
807 650
809 1715
812 1963
815 882
817 1892
819 112
820 586
821 1752
823 1929
826 378
828 1829
829 1214
830 11
835 332
839 1793
843 664
844 659
845 300
848 1181
850 524
856 737
858 1149
860 1027
861 1367
862 352
865 1441
869 909
871 1483
872 706
873 1146
874 1473
880 1480
881 463
882 281
884 1791
885 1878
886 1173
889 850
890 483
894 1156
895 653
898 1092
899 1177
900 42
902 1453
903 1034
904 1108
905 1003
908 477
909 1927
913 1492
914 21
915 115
918 632
919 878
922 1579
923 142
924 1761
927 373
928 484
929 659
930 967
932 1566
933 284
934 275
935 436
937 511
938 133
939 300
940 127
941 1713
942 1072
947 1668
949 1938
950 1544
951 224
954 620
956 1065
959 854
960 1611
961 1820
964 1684
965 284
966 1004
970 1429
972 49
976 1102
977 1546
978 627
979 1970
980 692
984 1465
986 701
988 1513
989 945
990 1143
991 1518
992 40
995 183
998 1846
999 997
1000 1817
1004 669
1005 712
1006 867
1009 1388
1010 1764
1012 1655
1015 1699
1017 1100
1018 1171
1021 977
1028 253
1030 228
1034 1896
1037 200
1040 178
1041 994
1042 769
1043 652
1045 575
1048 657
1053 932
1054 307
1055 1447
1056 67
1057 1426
1060 583
1061 982
1062 1935
1063 622
1064 751
1066 1800
1068 676
1071 1834
1077 1246
1078 1616
1079 1969
1080 1787
1081 1438
1084 1019
1085 382
1086 1441
1087 810
1089 633
1091 1238
1092 1775
1093 1332
1096 323
1097 1270
1102 636
1103 104
1104 592
1105 418
1111 607
1112 1285
1113 1719
1114 582
1115 1655
1117 976
1124 1388
1127 676
1132 692
1133 1877
1134 176
1139 988
1142 938
1143 43
1144 1226
1145 1786
1147 1437
1150 873
1152 1007
1155 1169
1159 797
1160 394
1161 1373
1163 243
1164 943
1169 1937
1170 772
1171 960
1172 288
1174 949
1177 1619
1178 327
1181 722
1182 1949
1185 1214
1186 1544
1188 1650
1190 249
1192 1280
1193 1974
1195 618
1201 1989
1202 1260
1203 819
1207 1861
1208 1246
1210 138
1211 675
1212 1568
1213 1661
1215 91
1218 97
1222 1430
1223 1317
1224 1814
1225 1601
1226 649
1227 426
1228 570
1231 1601
1234 272
1235 938
1236 175
1237 823
1238 607
1239 1307
1240 528
1241 1469
1244 707
1245 1767
1246 841
1248 99
1252 1727
1253 1751
1254 168
1256 541
1257 97
1258 498
1259 1209
1260 1826
1261 1791
1262 173
1263 649
1265 750
1266 628
1267 1809
1270 254
1271 865
1274 1276
1280 1514
1291 1036
1292 905
1295 1114
1298 1974
1300 454
1301 370
1302 1872
1303 48
1304 1015
1307 1585
1308 5
1309 954
1312 700
1315 591
1316 1718
1318 1917
1322 1584
1323 438
1327 1209
1328 1218
1329 1255
1330 1066
1332 1388
1333 962
1334 78
1336 1582
1338 687
1339 755
1342 1350
1343 704
1344 892
1345 1931
1349 1945
1350 1661
1352 1312
1362 1255
1363 862
1365 607
1366 575
1367 274
1369 1412
1370 597
1374 86
1377 1517
1382 232
1383 361
1385 1960
1386 561
1387 438
1389 283
1390 178
1394 531
1395 1061
1397 52
1400 121
1403 934
1404 1570
1405 1338
1406 311
1408 1674
1410 391
1412 1632
1414 166
1416 1145
1419 1470
1421 435
1428 1305
1429 123
1432 1113
1434 251
1437 1348
1440 1571
1442 742
1446 1603
1449 1899
1453 260
1454 438
1460 1740
1461 1053
1465 162
1466 1962
1469 1500
1472 1682
1475 469
1476 1345
1481 1106
1483 662
1485 1685
1487 1340
1488 68
1489 234
1490 1861
1491 1032
1492 340
1495 1154
1496 399
1499 468
1501 336
1504 804
1506 1167
1507 97
1509 1547
1512 1787
1514 916
1515 1278
1517 88
1519 1747
1520 168
1522 998
1528 1376
1529 921
1531 1161
1534 330
1536 1170
1537 106
1539 1621
1540 984
1541 1345
1542 248
1547 1628
1549 295
1551 1969
1552 1891
1553 470
1555 641
1557 1141
1560 1671
1563 64
1564 863
1566 1649
1576 286
1578 608
1579 253
1581 1634
1585 546
1588 23
1589 1260
1590 691
1594 1611
1595 282
1597 215
1598 1856
1600 1217
1604 1113
1608 1622
1609 992
1610 792
1611 454
1615 1182
1616 895
1619 1340
1621 1364
1623 1052
1624 1574
1627 681
1630 525
1633 1690
1635 163
1639 793
1641 1718
1642 1122
1643 1368
1646 1567
1647 143
1650 1166
1651 688
1653 601
1659 1325
1660 886
1662 1667
1665 1286
1667 747
1672 823
1673 1758
1674 1940
1676 1768
1677 1733
1680 1949
1683 529
1685 648
1687 707
1688 1660
1689 291
1691 111
1693 723
1694 1451
1695 1010
1696 1849
1697 587
1698 755
1699 698
1702 663
1706 909
1709 608
1711 545
1712 423
1714 1844
1720 1235
1722 1687
1723 1945
1724 292
1727 185
1728 62
1730 840
1734 1291
1736 1521
1737 1662
1743 1058
1750 89
1751 821
1752 1274
1753 657
1754 720
1755 452
1757 876
1758 266
1762 953
1763 930
1765 1792
1766 1312
1768 380
1770 1384
1772 1320
1775 295
1776 855
1779 450
1780 1116
1784 883
1785 1285
1787 1581
1791 764
1793 1413
1795 1854
1796 1831
1798 916
1799 1168
1800 1883
1802 1960
1804 898
1807 1471
1811 1158
1813 1948
1815 1285
1819 826
1821 187
1822 215
1824 1120
1826 905
1828 1078
1830 123
1836 1694
1837 1906
1839 533
1840 811
1841 204
1842 642
1843 1494
1846 1439
1847 1674
1848 904
1849 1810
1853 923
1854 795
1855 1253
1860 1184
1862 1445
1864 1951
1866 1799
1868 1351
1870 1768
1871 286
1872 36
1875 1101
1879 1059
1880 854
1882 433
1883 714
1884 320
1885 1343
1887 649
1888 436
1889 928
1892 860
1896 1614
1897 1765
1898 259
1903 1773
1904 1329
1905 1907
1906 877
1908 715
1910 107
1913 376
1914 309
1917 946
1918 584
1919 1570
1921 1049
1925 1922
1926 1801
1927 1559
1928 931
1933 658
1934 378
1937 940
1938 214
1940 1349
1943 1428
1946 979
1947 483
1950 427
1956 239
1957 1643
1959 840
1966 394
1969 632
1972 1555
1973 468
1974 1989
1976 1460
1980 520
1983 4
1984 1849
1985 1460
1986 1279
1987 359
1989 934
1991 1468
1992 1246
1993 58
1995 1272
1996 219
1997 1558
2000 1105
