1000 579 944
1 1725
2 1429
4 691
5 360
6 1016
10 1211
11 1824
12 814
13 890
16 1387
17 526
19 1966
20 1099
22 517
26 1454
31 86
35 193
36 1341
38 1362
40 479
41 1471
42 14
44 454
46 1497
47 1802
48 1119
50 659
51 1956
52 147
53 568
55 677
57 1240
58 1306
60 1684
61 1095
64 1656
68 1175
69 985
70 69
72 188
73 1290
75 400
78 1357
79 643
81 1648
85 432
87 1314
93 1757
94 1246
96 1247
97 600
98 1813
100 556
101 165
103 1572
104 1007
106 1572
107 330
108 1711
109 1405
111 667
112 334
115 104
117 168
119 1766
120 327
128 695
129 1764
130 108
131 270
133 1777
134 1971
135 1932
136 902
137 958
138 1253
140 986
141 10
142 1198
143 872
144 722
146 141
152 645
154 1901
155 248
156 1945
157 1104
158 1612
160 1494
161 626
167 1068
169 1484
170 1668
171 1500
172 538
176 646
177 1094
180 1836
183 243
184 591
185 1904
189 1948
190 909
191 1183
196 1263
198 1612
200 1391
202 1165
203 1448
205 1014
209 877
212 74
213 279
216 455
220 1909
221 19
222 254
224 1412
227 1810
228 108
229 613
233 585
234 912
235 1182
236 1216
238 28
239 380
240 483
246 863
247 1409
248 1653
249 722
250 1802
251 1098
252 1779
253 38
254 623
255 1815
256 496
257 596
258 551
259 1412
260 766
265 1208
267 1438
269 184
271 471
272 1807
276 327
279 1975
280 1770
283 45
285 238
286 1383
287 1552
289 1939
291 1411
293 504
294 1084
295 1577
296 278
297 1089
300 738
301 401
302 10
303 739
304 815
307 705
311 1874
312 657
313 1135
314 607
317 136
320 333
324 1764
325 157
328 393
329 1362
331 48
332 901
333 554
336 1653
339 1295
341 439
347 1339
348 796
349 1553
352 62
353 1667
360 214
361 211
367 118
368 1583
370 827
372 1754
373 105
377 117
378 1694
380 1180
382 1757
383 1174
384 1092
385 958
390 1967
395 198
396 545
397 156
399 1476
400 548
402 334
403 1221
404 1063
410 1846
411 1825
412 853
414 735
415 1090
416 1656
419 1085
421 1468
422 848
424 1641
425 622
427 1807
431 1124
433 1961
434 1521
435 54
437 710
441 1340
443 515
444 301
450 1170
452 407
456 432
457 1085
458 1396
459 940
465 267
467 126
469 1638
470 1659
471 271
472 1384
474 30
475 1329
477 1704
480 26
483 787
486 1177
487 1522
488 683
490 1672
492 22
493 533
496 1148
497 314
498 939
500 66
501 303
502 52
505 1125
509 1877
511 1895
512 10
516 1609
517 1063
518 204
521 1636
523 1040
527 1705
529 488
530 1482
531 827
533 1768
534 1773
537 1973
538 1232
540 1377
541 136
542 1242
543 597
544 940
545 1343
546 1864
547 24
548 1264
550 1089
551 825
552 211
553 459
554 1363
556 1969
562 1488
563 313
564 440
565 999
566 322
568 680
569 879
574 1750
577 362
578 447
580 1769
582 395
583 1490
585 1387
586 1243
591 1216
592 366
595 608
598 621
600 1275
601 1691
602 755
603 1380
604 1725
606 56
607 1696
613 559
615 542
616 1046
618 784
619 1701
620 770
621 1020
623 657
624 901
627 221
628 606
629 778
630 316
632 1736
633 557
634 937
639 607
641 1585
643 985
644 1113
646 1317
648 1692
649 767
650 445
651 156
652 924
657 119
658 1839
662 116
665 628
668 253
670 37
674 1050
680 973
686 1550
687 1527
690 171
692 1388
694 152
700 1907
702 1201
707 1386
709 1472
710 1751
716 1472
717 677
718 482
719 1160
720 1200
725 513
726 1344
728 229
729 968
735 1903
736 1011
741 1115
744 1381
747 233
748 783
749 534
750 90
753 156
755 789
758 231
759 1716
760 1729
761 1910
764 1860
765 1337
766 1585
774 1194
775 354
778 340
780 538
781 124
782 1046
783 13
784 1512
788 690
794 288
797 996
801 1501
805 1951
806 358
807 136
808 1176
809 1389
810 1660
811 781
814 732
817 60
818 367
819 1525
820 9
822 472
825 992
826 1535
827 1023
830 841
831 1272
839 604
847 1856
848 1657
851 1224
853 279
854 1076
856 339
860 999
864 1176
867 167
868 242
870 522
871 535
878 1644
879 441
881 672
884 1775
886 1015
891 639
892 1738
894 1764
895 154
898 25
901 515
902 1109
905 1969
907 101
914 1543
915 1053
919 1548
923 238
924 835
925 758
930 1935
932 853
933 1887
934 1039
935 1197
937 584
939 1549
940 1392
941 425
947 1696
948 1185
950 547
951 1693
953 1459
955 103
957 232
958 1015
960 1632
964 199
965 1181
966 1061
968 454
969 814
972 553
975 174
976 132
977 630
978 397
979 396
980 564
982 715
983 1282
988 1987
991 1745
992 1107
993 1872
995 1312
1000 380
1001 1918
1002 358
1003 1338
1004 813
1005 805
1007 95
1008 283
1009 54
1011 1595
1014 1189
1017 898
1019 391
1024 1557
1026 260
1028 120
1029 1563
1030 1058
1031 342
1032 1106
1036 1260
1038 1642
1039 1095
1040 796
1042 1095
1044 1342
1045 791
1046 1045
1047 452
1049 1412
1050 524
1052 1590
1055 816
1056 1970
1057 1191
1058 1751
1059 1038
1062 396
1063 1171
1065 823
1066 123
1067 615
1068 1866
1069 1130
1070 758
1071 1915
1072 601
1074 1015
1075 1358
1077 882
1079 588
1082 1291
1083 1991
1084 1629
1086 661
1088 1621
1089 675
1090 1266
1091 872
1096 1608
1097 801
1102 1641
1104 1723
1105 775
1106 421
1108 1000
1109 1087
1110 1672
1111 150
1112 1926
1115 1035
1119 665
1120 88
1121 28
1122 1775
1126 514
1129 548
1131 751
1132 1225
1133 244
1134 73
1138 1815
1140 1993
1143 578
1144 465
1145 1325
1151 280
1152 996
1154 476
1157 193
1159 581
1161 1360
1166 1110
1168 1289
1169 671
1170 1121
1180 1040
1181 1953
1182 1097
1184 1509
1186 943
1188 70
1191 26
1193 781
1194 1540
1195 1802
1197 724
1199 378
1200 1678
1201 686
1202 1929
1205 1470
1207 308
1209 1156
1211 1332
1212 1037
1213 1126
1215 772
1216 1223
1217 348
1220 578
1221 1829
1223 1005
1228 1743
1229 345
1233 1742
1235 348
1236 396
1237 1572
1239 56
1242 1602
1243 1218
1244 952
1245 775
1246 798
1250 1134
1251 275
1252 417
1255 1587
1258 682
1261 354
1263 119
1264 1074
1269 96
1270 94
1273 1587
1275 197
1280 1759
1281 1123
1282 604
1283 1494
1284 1806
1286 28
1288 1769
1291 500
1293 380
1295 52
1299 1010
1300 1682
1301 1274
1304 1925
1314 1483
1316 1547
1317 46
1319 1053
1322 206
1324 82
1329 1859
1330 1128
1331 1571
1332 443
1335 1577
1337 1946
1338 890
1339 571
1340 508
1341 1038
1344 1023
1347 323
1348 28
1349 192
1351 882
1352 1447
1353 763
1354 289
1356 1012
1358 996
1364 1992
1366 1255
1367 802
1369 1858
1370 664
1371 227
1373 781
1374 1577
1375 36
1377 441
1381 1929
1383 623
1384 1150
1385 1554
1386 1232
1387 920
1390 1207
1391 1674
1392 1140
1393 470
1395 103
1398 1332
1401 1336
1404 1051
1406 535
1407 1247
1408 1194
1409 1162
1410 1279
1412 958
1414 1153
1415 1130
1417 635
1419 1006
1422 144
1425 170
1426 567
1428 670
1429 1592
1431 63
1432 295
1434 612
1435 810
1436 481
1439 350
1440 521
1444 1821
1446 310
1450 1757
1451 20
1453 474
1454 1021
1455 655
1458 694
1459 774
1460 1714
1462 1305
1463 448
1466 365
1468 1320
1469 896
1471 847
1472 1986
1474 1201
1476 1585
1477 1082
1478 198
1480 1318
1481 1468
1484 17
1486 1107
1488 1707
1490 631
1491 888
1497 1721
1503 624
1504 1643
1512 734
1513 1449
1517 1096
1518 1400
1519 533
1520 692
1521 787
1522 265
1524 449
1527 1252
1530 386
1532 1599
1535 250
1537 51
1538 542
1539 1778
1541 107
1545 1721
1546 184
1548 1591
1549 283
1550 702
1552 1542
1553 627
1555 1768
1556 1975
1558 626
1563 724
1566 691
1567 732
1568 406
1570 960
1571 297
1572 1819
1576 1545
1579 1805
1580 188
1582 1974
1584 858
1588 17
1589 700
1590 1891
1592 99
1593 1030
1595 452
1596 1759
1599 564
1601 1170
1602 265
1604 1257
1607 1667
1608 29
1610 1892
1611 577
1614 1994
1615 186
1619 1278
1623 1898
1625 1303
1626 223
1627 1652
1628 790
1630 258
1631 1042
1632 1138
1633 188
1634 1425
1637 1248
1638 596
1641 363
1644 1227
1646 1728
1649 936
1653 900
1654 803
1656 391
1658 441
1659 1543
1660 1723
1663 1349
1665 733
1667 1530
1669 1330
1670 735
1671 975
1674 958
1676 1492
1678 1697
1680 1479
1683 1063
1689 205
1690 1784
1691 5
1693 42
1695 1456
1697 719
1699 720
1700 1753
1701 1949
1702 1530
1703 812
1705 702
1706 1270
1707 895
1708 1568
1709 94
1710 1093
1713 330
1714 1952
1715 1902
1720 312
1721 421
1722 483
1727 12
1730 1836
1733 380
1736 435
1737 1419
1738 1245
1739 220
1741 1394
1742 865
1745 1488
1747 968
1750 137
1753 158
1754 288
1755 1777
1756 1514
1757 624
1758 1151
1759 558
1760 1950
1761 379
1762 1360
1763 479
1765 1314
1767 1469
1776 1981
1778 956
1780 1809
1782 216
1783 957
1784 974
1787 1069
1791 552
1793 369
1794 350
1795 495
1798 221
1800 1909
1805 1804
1806 1636
1809 1761
1810 261
1814 1171
1815 1684
1819 585
1820 198
1821 639
1822 976
1827 289
1830 1415
1832 1329
1833 1154
1834 1161
1836 1582
1843 493
1848 1390
1849 1369
1851 308
1853 1395
1856 285
1857 1039
1858 1228
1859 1484
1860 1012
1861 140
1862 893
1863 1282
1864 995
1865 1523
1868 754
1870 380
1871 292
1872 1404
1873 124
1877 1517
1879 1470
1881 1394
1888 939
1890 56
1891 1280
1894 400
1895 1820
1896 1919
1897 751
1900 1299
1901 1930
1902 345
1903 905
1905 597
1908 1034
1909 251
1913 1289
1914 971
1916 1553
1919 1866
1920 1803
1922 721
1925 1892
1934 1175
1936 682
1937 968
1941 741
1942 611
1944 561
1945 489
1946 1151
1947 1528
1948 1221
1950 1615
1952 608
1957 1823
1958 1503
1960 407
1963 1797
1964 1197
1965 642
1966 781
1967 283
1969 1924
1971 318
1972 744
1973 1723
1975 691
1977 1734
1979 575
1980 875
1981 351
1985 600
1986 482
1992 1042
1993 1444
1994 1395
1998 1449
1999 1386
