300 168 246
0 1066
9 536
14 490
18 1057
20 977
23 499
27 519
28 1946
29 1263
30 793
31 1426
37 658
42 125
52 56
59 1806
60 1414
68 1639
71 1690
94 1441
97 898
119 662
127 1291
130 1876
132 1705
148 737
150 282
157 618
161 1172
196 1092
198 362
199 194
209 1856
210 936
211 1293
213 792
218 64
233 356
241 721
242 81
246 528
257 198
263 1761
267 858
268 1951
275 1113
287 286
290 1793
301 626
304 1996
312 711
313 1886
323 708
324 869
333 1122
361 1309
367 552
377 731
386 1621
393 1148
397 1106
398 973
407 413
408 1751
411 653
432 1398
436 800
440 1302
443 1527
455 1831
460 503
464 996
465 124
475 1939
487 1845
488 27
501 841
503 1781
507 1192
522 759
523 1772
526 1694
530 1031
535 1279
538 1012
539 1873
546 236
551 1067
552 1469
553 1685
558 1480
560 670
561 885
580 1062
581 477
593 860
595 1118
600 1592
618 688
623 1799
633 1604
642 1226
645 208
649 4
652 1262
661 1573
666 1232
667 296
668 86
672 1664
676 1265
682 1368
699 95
701 246
705 215
717 299
731 1077
734 963
748 178
763 1557
764 895
771 874
774 1135
784 0
800 483
807 236
825 281
826 753
835 1787
836 474
845 284
847 1553
850 927
851 727
856 853
864 167
868 108
871 869
879 1878
884 1790
896 758
904 148
905 1510
919 845
925 757
934 1933
935 109
937 579
948 1042
952 534
955 750
963 1020
967 707
980 584
988 1437
989 763
1029 1535
1034 1209
1042 1023
1062 1923
1069 1903
1071 1549
1074 815
1084 740
1092 797
1117 476
1124 730
1125 1366
1126 537
1128 1265
1132 288
1133 490
1134 941
1177 800
1178 846
1184 1452
1195 1821
1201 1597
1211 60
1215 1879
1223 141
1225 1351
1226 1924
1229 691
1235 1392
1236 589
1239 1153
1242 845
1244 35
1252 1253
1254 759
1255 1652
1257 1460
1258 557
1263 522
1267 1082
1278 379
1281 1699
1291 868
1312 999
1315 250
1317 1076
1320 1372
1324 1682
1327 1678
1333 231
1339 442
1342 3
1352 352
1354 1510
1364 1239
1375 1234
1376 641
1381 628
1390 1165
1392 1067
1397 510
1399 1285
1401 11
1403 1427
1404 362
1413 1696
1417 101
1422 1931
1423 177
1436 1244
1445 1458
1448 1895
1454 59
1459 466
1463 550
1465 759
1469 1447
1478 784
1481 472
1491 443
1502 1754
1507 1280
1513 1542
1515 998
1547 1328
1560 107
1564 1381
1580 44
1581 636
1587 858
1596 234
1600 1281
1615 1494
1626 693
1634 907
1646 982
1648 106
1652 1250
1661 1853
1671 1341
1672 1940
1673 450
1677 1297
1681 60
1687 1585
1691 133
1693 1046
1707 1410
1708 1865
1720 832
1731 1186
1735 1135
1741 39
1755 1049
1762 78
1776 1064
1785 224
1792 1083
1798 87
1799 405
1803 1802
1804 802
1806 419
1818 126
1819 835
1833 883
1841 650
1850 782
1870 1716
1883 695
1910 1131
1920 1418
1923 1627
1924 1739
1930 1352
1950 422
1952 951
1953 70
1971 170
1981 1140
1985 1145
1988 964
1991 694
1993 1030
2000 180
