300 119 160
1 263
2 1184
11 1242
27 99
38 522
45 928
49 1909
55 1617
71 230
76 187
80 569
84 1333
92 1978
93 1560
99 1908
101 597
107 874
133 1694
135 152
138 511
144 94
154 426
159 1251
168 85
171 1280
175 1588
177 414
188 274
199 1811
204 1522
212 440
226 934
227 1597
230 1830
231 1830
233 428
247 1294
252 616
257 1808
259 1207
264 1695
290 1467
294 1474
308 848
311 1206
333 1581
349 1267
352 1397
356 1223
359 1263
360 118
366 1347
367 520
372 492
382 1671
390 1041
393 1892
397 1285
417 1797
420 925
427 1946
437 1207
443 1547
445 1642
448 1308
454 1438
455 1968
459 562
460 1035
464 987
465 651
466 720
468 1501
470 969
475 203
477 1809
481 721
495 420
509 1171
516 698
522 387
527 1007
564 301
566 502
571 991
572 1628
574 1850
582 1143
620 1977
632 140
637 1358
641 988
644 581
653 416
656 471
662 484
663 1481
684 452
704 1742
715 1839
718 1964
724 88
726 52
729 992
736 629
737 438
742 937
743 695
757 1535
760 843
766 493
767 1132
771 1634
775 1480
790 1790
795 1202
796 587
804 1902
807 209
831 1947
835 198
837 295
849 398
850 1540
856 1563
861 640
863 1153
866 1927
874 573
879 1275
892 856
897 526
903 1918
904 459
905 580
906 1179
907 626
923 922
927 1219
933 433
951 95
959 1371
962 825
969 1063
972 476
974 1059
985 1318
996 778
999 266
1003 1443
1004 751
1010 1790
1015 471
1021 799
1030 1552
1040 1276
1052 944
1057 1643
1068 1668
1076 399
1086 441
1099 366
1104 216
1124 1120
1130 1803
1153 529
1154 561
1165 178
1173 367
1174 1994
1181 1090
1184 489
1186 1708
1188 1861
1192 354
1193 642
1203 1941
1206 117
1215 1495
1216 54
1218 451
1220 133
1238 1447
1258 901
1261 1155
1266 1872
1269 1908
1273 413
1276 1446
1279 1369
1281 1896
1292 609
1299 1656
1302 1818
1319 1869
1323 7
1330 269
1335 836
1339 1617
1342 107
1343 230
1346 391
1349 596
1360 935
1368 897
1379 347
1381 1423
1397 560
1398 773
1399 194
1405 1539
1410 403
1421 801
1427 1823
1432 1678
1442 511
1444 383
1446 392
1447 1305
1475 1756
1479 1292
1480 341
1481 1618
1489 57
1490 1322
1496 1796
1502 328
1520 319
1524 75
1532 1705
1557 1699
1567 536
1569 1568
1571 879
1577 1219
1579 1569
1585 233
1594 1897
1595 1382
1598 1734
1600 174
1606 106
1610 273
1617 808
1626 882
1636 1901
1638 298
1639 1391
1646 1834
1648 965
1651 375
1664 899
1671 959
1673 1714
1674 603
1684 827
1703 1684
1722 1317
1732 823
1733 436
1741 1128
1745 921
1757 188
1761 216
1763 427
1766 967
1767 1635
1771 1048
1777 1914
1786 1752
1787 425
1790 1093
1796 861
1810 1928
1820 1568
1821 1746
1828 665
1830 1050
1832 679
1833 1264
1836 1801
1840 16
1852 230
1862 726
1867 1910
1882 1852
1885 1583
1891 1124
1895 444
1905 1742
1906 1371
1912 653
1929 1836
1963 846
1964 483
1985 1500
1987 1107
1992 592
1994 551
1996 1264
