300 181 204
6 1368
8 1079
23 1669
27 744
28 198
32 1087
33 340
56 989
61 1733
68 75
79 207
86 42
92 990
93 1031
100 1776
106 398
115 765
129 1618
132 1629
144 482
146 1240
147 651
156 1512
176 1896
182 749
184 429
185 452
191 38
194 1145
198 301
208 21
229 1525
241 1378
245 1543
249 1006
250 848
259 1434
264 612
267 838
268 1074
278 944
288 1536
291 1169
300 357
302 1203
304 1335
318 1504
321 23
326 1071
331 219
346 1280
349 1349
354 1620
355 1637
363 1627
387 926
398 1861
400 114
406 289
421 520
424 624
428 532
429 1339
432 1957
434 1464
450 1524
452 106
457 1766
462 1339
465 243
466 1444
467 905
475 36
481 233
496 262
497 1786
513 1951
514 400
516 248
520 1041
527 835
529 695
535 260
537 83
544 1986
547 559
550 1792
552 172
562 435
563 623
564 1505
569 1360
585 589
590 882
593 988
598 1491
603 723
607 559
612 702
613 637
620 48
623 883
624 760
628 1782
641 1165
650 994
656 432
668 9
675 1491
683 1504
686 1854
697 254
712 604
724 368
733 1403
734 643
749 347
750 868
752 1503
755 563
758 22
761 612
762 673
772 997
777 1132
779 1643
786 1276
792 675
793 1533
794 1445
795 783
802 561
806 2
809 1978
813 1586
814 1061
833 498
841 60
851 1364
865 743
882 238
887 1516
888 456
891 889
896 789
908 1366
909 1973
916 962
921 825
922 1503
924 91
926 1629
935 845
947 465
962 1759
966 970
972 1090
988 1690
995 390
996 1156
1008 458
1009 240
1027 1143
1028 861
1034 126
1043 1225
1051 1852
1053 1984
1058 275
1063 566
1066 1055
1071 1126
1075 621
1076 534
1077 783
1085 1229
1104 1438
1109 1244
1112 438
1114 1066
1123 716
1147 348
1158 1044
1160 407
1162 1105
1172 1765
1174 1765
1178 436
1190 1940
1194 1328
1213 654
1214 546
1223 11
1244 1664
1250 406
1273 1522
1295 791
1302 636
1314 1803
1321 897
1323 440
1324 473
1333 1299
1351 759
1352 1941
1359 141
1365 732
1370 1137
1374 1609
1382 1625
1385 954
1386 1794
1394 453
1415 1253
1423 666
1435 160
1446 462
1453 210
1457 876
1463 1559
1467 181
1481 1209
1492 867
1499 3
1502 1006
1511 1322
1525 558
1528 1144
1529 1329
1542 63
1544 44
1548 1442
1556 1348
1561 383
1575 62
1577 74
1580 318
1584 522
1587 1305
1591 1235
1592 1269
1593 424
1599 555
1603 1170
1615 1436
1616 1886
1623 1425
1625 834
1636 586
1639 1319
1642 356
1649 1322
1658 569
1665 895
1668 121
1690 1509
1698 1393
1705 51
1713 39
1718 1595
1719 686
1734 192
1736 1023
1781 333
1792 1923
1812 1758
1817 1449
1826 1538
1828 1651
1829 234
1832 1967
1838 1870
1840 632
1844 1934
1845 1433
1846 1616
1848 1611
1875 790
1880 568
1881 1469
1885 1210
1888 429
1895 516
1900 1552
1911 1353
1916 462
1918 1593
1920 756
1926 1615
1927 1572
1939 1042
1945 512
1952 1169
1960 576
1967 1090
1970 510
1976 453
1977 827
1979 677
1981 1963
