300 129 237
12 306
15 1084
16 1681
28 655
39 751
54 1734
56 859
59 1206
81 1795
84 591
87 1618
89 482
90 961
99 1417
100 1252
109 1056
113 1787
121 688
128 1184
130 998
132 1970
139 1816
144 1003
147 1531
152 1102
154 778
166 1194
171 1803
180 1497
182 1039
196 303
197 338
200 55
213 1895
222 683
238 461
245 1133
246 549
253 530
256 144
264 1603
265 1735
272 892
277 1403
284 1436
286 1747
292 1969
300 1036
303 1184
314 1075
315 143
316 941
320 1441
326 1233
333 1859
338 1692
340 1075
341 1814
354 1435
356 1687
357 1969
364 987
365 1436
368 1209
380 256
386 787
387 1176
391 1061
403 605
412 295
416 657
422 1729
434 168
445 6
450 311
472 15
476 795
500 861
504 1311
511 634
512 1815
536 1871
544 1891
547 553
549 581
553 1752
556 140
559 81
561 1364
562 1309
566 307
576 1369
577 1976
584 440
600 1970
610 229
616 1652
621 1123
624 1400
632 1383
634 1054
640 1631
650 351
655 212
661 366
663 1416
670 1553
677 1079
680 1536
682 121
687 919
691 1981
697 1955
719 332
726 1306
727 710
731 1841
736 112
741 206
742 1040
744 1808
747 184
752 662
753 1546
768 614
781 959
788 578
792 764
796 267
797 213
798 1259
803 714
804 1343
812 1100
820 1460
821 417
830 1496
843 68
849 147
875 1892
878 1332
881 890
885 1896
897 1985
899 1770
907 1773
926 859
935 1795
948 1730
953 1160
958 1069
963 998
964 123
965 932
983 1360
986 1197
995 1468
1002 1969
1025 186
1026 1329
1043 1390
1046 1508
1048 1901
1059 1577
1065 472
1066 1401
1086 1524
1093 257
1111 1729
1116 1264
1124 225
1128 665
1140 194
1141 1457
1143 310
1147 1715
1156 1311
1161 1388
1183 149
1184 644
1188 1854
1190 889
1199 1063
1208 555
1209 1730
1211 1063
1215 370
1237 1078
1248 1282
1281 1370
1283 1485
1284 552
1291 1218
1300 1664
1307 1947
1312 1480
1315 596
1317 1249
1333 1948
1348 660
1351 690
1353 37
1365 693
1366 604
1369 1020
1381 1546
1383 1491
1393 1803
1400 82
1406 1298
1413 1569
1420 1250
1422 1033
1423 263
1430 1548
1434 1036
1448 1561
1454 788
1477 1197
1484 1445
1487 1575
1502 582
1504 846
1510 566
1512 545
1515 761
1524 1015
1528 654
1530 1912
1535 186
1539 36
1543 451
1548 1102
1550 1795
1555 1876
1556 1286
1557 1583
1563 599
1564 266
1565 213
1570 36
1580 13
1588 936
1601 284
1603 50
1608 309
1609 1618
1610 664
1641 777
1656 938
1671 1681
1675 1223
1688 1164
1692 762
1694 1870
1699 1832
1700 31
1718 1674
1724 1361
1725 510
1740 1784
1742 1652
1744 1357
1754 771
1762 904
1769 358
1783 526
1785 151
1789 1962
1802 1770
1804 1561
1805 1974
1813 390
1814 1839
1815 1506
1816 413
1818 520
1823 597
1831 829
1838 1461
1841 331
1844 240
1848 747
1854 419
1857 152
1861 1874
1877 1714
1879 1406
1890 1934
1903 1731
1906 653
1911 543
1913 924
1915 342
1922 48
1925 1439
1941 679
1974 830
1977 350
1992 177
