300 106 134
2 55
7 1889
28 297
33 851
44 418
47 62
48 746
52 1967
63 1007
64 827
67 563
69 387
71 1806
75 469
82 417
86 956
93 1
94 1685
100 1106
103 1782
113 1880
114 490
119 1507
135 1988
139 625
148 1698
152 1433
155 1080
160 823
164 1836
166 795
182 401
201 1533
203 371
206 1069
219 1936
220 1710
222 1725
225 613
228 117
231 886
232 64
234 1375
241 407
245 1275
250 144
253 853
265 164
282 1064
283 1721
285 708
288 1194
298 1112
306 96
308 11
310 1138
312 1261
316 955
326 682
332 469
349 1133
351 143
354 1051
363 402
366 1934
370 1661
371 1490
374 722
375 541
376 1192
378 1961
388 114
397 1619
425 803
435 534
444 515
456 1888
461 895
479 625
486 1450
496 1751
503 510
512 610
517 128
521 405
523 1805
526 1591
527 1438
529 1646
530 655
532 1141
569 638
577 50
599 934
610 1324
631 208
632 1403
639 1553
640 65
643 1607
647 732
662 107
674 1463
679 760
683 1667
691 1922
698 940
699 147
709 899
721 482
725 1762
728 591
742 1635
743 1275
748 974
749 1249
761 584
767 26
776 5
778 511
800 1570
801 1560
810 793
811 1808
823 1654
829 1430
830 51
841 372
850 1172
860 1387
861 1417
864 447
866 65
875 35
887 1275
891 694
903 1439
920 429
925 822
928 53
929 36
932 1010
933 819
937 377
940 884
957 1495
963 981
986 769
988 592
989 1132
992 423
996 1975
999 1215
1034 958
1036 10
1039 119
1047 791
1063 721
1064 1680
1066 75
1068 1922
1070 184
1071 1204
1076 1870
1080 1377
1089 264
1097 1285
1098 1839
1107 463
1119 1174
1127 1109
1128 10
1137 1421
1153 1692
1154 1363
1155 1823
1172 631
1177 981
1183 1644
1189 751
1199 1458
1204 1438
1209 197
1210 1535
1218 577
1226 1833
1235 1165
1239 1834
1241 1901
1254 1161
1268 38
1269 582
1277 523
1280 1333
1283 1462
1284 81
1288 873
1295 1083
1307 1981
1316 1339
1318 1991
1325 575
1327 553
1328 606
1329 324
1338 20
1341 984
1345 1221
1374 695
1375 570
1376 1185
1381 1352
1386 1534
1403 1796
1405 1792
1423 473
1427 1967
1438 119
1443 213
1444 482
1450 946
1453 1656
1455 265
1456 1415
1467 464
1472 1143
1485 0
1495 1255
1525 768
1528 1659
1531 550
1546 301
1550 1554
1552 93
1558 145
1561 1477
1562 1009
1564 844
1569 544
1570 1299
1588 1812
1591 1957
1596 1412
1597 694
1599 185
1604 996
1605 146
1609 1638
1610 1946
1611 1718
1628 342
1630 246
1632 512
1635 46
1639 950
1645 1665
1650 295
1653 1990
1656 4
1664 1936
1668 651
1674 1197
1683 1847
1684 715
1686 1731
1694 1893
1697 1326
1698 219
1702 65
1703 1907
1707 1140
1718 1260
1738 197
1762 1046
1765 677
1779 452
1781 1728
1800 957
1802 394
1826 994
1861 508
1862 1680
1869 170
1875 1969
1889 720
1902 534
1906 250
1908 1478
1912 154
1940 1712
1944 1042
1945 786
1955 339
1960 448
1970 538
1973 968
1975 1241
1979 1198
1984 1358
1990 1626
